# Time-averaged data for fix dump_pressure
# TimeStep c_calc_pressure
100 2.44984
200 1.0322
300 1.76456
400 1.03572
500 0.760713
600 1.18026
700 1.29053
800 1.25847
900 0.521744
1000 1.46975
1100 1.2176
1200 0.531738
1300 1.41344
1400 0.666605
1500 1.25676
1600 1.19974
1700 0.785538
1800 0.25899
1900 0.636519
2000 1.34792
2100 0.793727
2200 0.7865
2300 1.02989
2400 1.0241
2500 0.659595
2600 1.51759
2700 0.798695
2800 1.19919
2900 0.860582
3000 0.521585
3100 1.16249
3200 0.562994
3300 0.988322
3400 0.948137
3500 0.977772
3600 0.396423
3700 0.91066
3800 0.213045
3900 -0.0703301
4000 1.11102
4100 0.875419
4200 0.626823
4300 0.69171
4400 0.736316
4500 0.626974
4600 1.10782
4700 1.26691
4800 1.11369
4900 1.05028
5000 0.758394
5100 1.2047
5200 0.863354
5300 1.17633
5400 0.87936
5500 1.18628
5600 0.868117
5700 0.751944
5800 0.675712
5900 0.310693
6000 0.559847
6100 0.221451
6200 0.592369
6300 0.802112
6400 0.581302
6500 0.138864
6600 0.726109
6700 0.39568
6800 -0.240768
6900 0.67869
7000 0.508706
7100 1.56464
7200 0.95834
7300 0.59508
7400 0.701764
7500 1.39835
7600 0.293585
7700 0.58954
7800 0.494841
7900 0.891748
8000 0.584626
8100 0.856917
8200 0.965637
8300 1.13166
8400 0.85513
8500 1.41546
8600 1.11491
8700 0.82939
8800 1.16711
8900 0.877056
9000 0.604611
9100 0.66556
9200 0.507925
9300 1.26409
9400 0.154178
9500 1.33937
9600 0.981057
9700 0.016148
9800 0.992197
9900 1.02181
10000 0.480088
10100 0.389602
10200 0.895551
10300 0.577374
10400 0.709296
10500 0.622611
10600 0.605645
10700 0.525622
10800 1.50359
10900 0.998505
11000 0.470617
11100 0.455678
11200 0.780323
11300 0.215457
11400 1.01353
11500 0.764491
11600 0.608023
11700 0.311325
11800 0.792961
11900 0.944709
12000 0.558595
12100 0.932464
12200 0.363099
12300 0.658404
12400 0.656453
12500 0.265369
12600 0.856934
12700 0.33699
12800 0.49252
12900 0.351672
13000 0.85551
13100 0.598578
13200 0.365934
13300 0.755994
13400 0.358624
13500 0.848621
13600 0.928627
13700 0.697409
13800 -0.272826
13900 0.666189
14000 0.672199
14100 0.33425
14200 0.415039
14300 0.29645
14400 0.324543
14500 1.00432
14600 0.768266
14700 0.665927
14800 1.0174
14900 1.03035
15000 1.06476
15100 1.13964
15200 0.492408
15300 0.966514
15400 0.273253
15500 1.00276
15600 1.40376
15700 0.458626
15800 0.798317
15900 0.75241
16000 1.21898
16100 0.133246
16200 1.11778
16300 1.34065
16400 0.277484
16500 0.982792
16600 1.10009
16700 0.809207
16800 0.994663
16900 0.306775
17000 0.932802
17100 0.472038
17200 0.339826
17300 0.995726
17400 0.625799
17500 0.853147
17600 0.856583
17700 0.291571
17800 0.632244
17900 1.1494
18000 0.864946
18100 0.914161
18200 0.649098
18300 1.38751
18400 0.921087
18500 0.801519
18600 0.848627
18700 0.575203
18800 1.02534
18900 0.725791
19000 0.641785
19100 1.30444
19200 0.397444
19300 0.712512
19400 1.17613
19500 0.169443
19600 0.801455
19700 0.169287
19800 0.959954
19900 0.0714303
20000 0.977652
20100 0.520777
20200 0.60338
20300 0.794854
20400 0.860825
20500 1.23776
20600 0.757158
20700 1.18962
20800 1.33427
20900 0.997176
21000 0.850268
21100 0.762235
21200 0.82454
21300 0.99593
21400 0.881275
21500 0.79762
21600 0.770159
21700 0.478301
21800 0.415881
21900 1.19789
22000 0.753858
22100 1.33514
22200 0.814504
22300 0.622774
22400 1.28777
22500 0.95692
22600 0.295452
22700 0.987876
22800 0.620612
22900 0.805343
23000 1.14457
23100 0.218533
23200 0.250138
23300 0.527108
23400 0.378336
23500 0.605081
23600 1.34112
23700 1.0174
23800 0.706378
23900 1.03664
24000 1.32467
24100 0.829169
24200 0.809236
24300 1.30136
24400 0.913092
24500 0.935965
24600 0.670284
24700 0.835196
24800 0.777098
24900 1.33538
25000 0.56216
25100 1.3512
25200 0.932302
25300 0.746054
25400 1.68475
25500 1.1468
25600 0.547477
25700 0.245824
25800 1.22254
25900 0.831745
26000 0.375072
26100 1.32954
26200 0.543434
26300 1.15313
26400 1.09167
26500 0.945316
26600 0.595552
26700 1.12897
26800 0.82722
26900 1.21216
27000 1.01032
27100 1.16078
27200 1.09557
27300 0.925018
27400 1.11324
27500 1.18295
27600 0.621147
27700 0.740599
27800 1.07232
27900 0.669518
28000 0.438988
28100 0.552332
28200 0.697187
28300 0.827753
28400 0.871956
28500 0.229331
28600 0.416907
28700 0.728771
28800 0.949426
28900 1.17615
29000 1.05786
29100 0.942912
29200 0.582804
29300 0.618611
29400 0.981079
29500 0.611676
29600 0.898524
29700 0.922171
29800 0.701993
29900 0.794655
30000 1.03419
30100 1.12841
30200 0.491995
30300 0.9933
30400 1.23509
30500 0.993261
30600 0.829637
30700 0.76547
30800 0.801571
30900 0.75832
31000 1.0815
31100 0.295103
31200 0.397449
31300 1.10857
31400 0.813918
31500 1.15836
31600 0.278633
31700 1.4952
31800 0.791843
31900 1.24959
32000 0.515025
32100 0.90191
32200 0.328278
32300 0.876254
32400 1.17549
32500 0.884245
32600 1.07962
32700 1.27272
32800 0.457903
32900 1.6752
33000 0.36433
33100 0.88741
33200 0.787329
33300 0.69481
33400 0.706158
33500 0.700947
33600 0.785946
33700 0.864294
33800 0.582264
33900 0.878036
34000 0.637162
34100 0.433879
34200 0.268828
34300 0.764428
34400 0.592161
34500 0.984826
34600 0.144768
34700 1.07501
34800 0.947152
34900 1.13773
35000 1.27857
35100 0.915314
35200 1.10523
35300 0.841118
35400 0.730726
35500 0.789822
35600 0.925661
35700 0.938906
35800 0.744025
35900 0.555867
36000 0.647247
36100 0.848857
36200 0.599883
36300 0.730718
36400 1.14449
36500 0.536961
36600 0.992655
36700 0.514325
36800 1.01326
36900 1.12813
37000 1.10671
37100 0.902281
37200 0.593122
37300 0.497253
37400 0.195778
37500 0.841355
37600 0.318363
37700 0.706981
37800 0.67768
37900 0.511835
38000 0.626989
38100 1.01501
38200 1.20642
38300 0.314626
38400 0.620552
38500 0.291022
38600 0.402098
38700 0.303377
38800 0.599373
38900 0.419509
39000 0.726514
39100 1.10754
39200 1.20054
39300 0.87365
39400 0.527229
39500 0.970056
39600 0.657048
39700 1.35636
39800 0.649479
39900 0.594736
40000 0.509588
40100 0.961367
40200 1.13487
40300 -0.0729533
40400 0.449914
40500 0.726898
40600 0.362419
40700 1.1509
40800 1.05956
40900 0.678827
41000 0.670412
41100 0.658561
41200 0.410587
41300 0.868223
41400 0.665001
41500 1.62005
41600 1.11172
41700 1.28931
41800 0.936821
41900 1.25474
42000 0.682306
42100 1.15181
42200 0.830756
42300 0.534143
42400 1.81268
42500 0.670386
42600 1.31003
42700 0.587015
42800 0.75306
42900 0.35494
43000 0.558469
43100 0.594378
43200 0.636789
43300 0.60444
43400 1.57346
43500 1.6384
43600 1.45415
43700 1.12047
43800 0.755589
43900 0.695036
44000 1.20789
44100 1.2541
44200 1.44891
44300 0.823332
44400 1.43392
44500 0.413448
44600 1.34174
44700 0.714246
44800 0.654622
44900 0.797917
45000 0.630091
45100 0.778123
45200 0.837871
45300 0.613267
45400 1.11529
45500 0.259634
45600 0.634352
45700 0.678725
45800 0.139268
45900 0.27821
46000 0.961735
46100 1.30616
46200 0.462381
46300 1.18449
46400 0.366559
46500 1.29644
46600 1.18324
46700 0.769445
46800 0.797218
46900 0.861821
47000 0.220831
47100 1.19517
47200 1.10065
47300 1.04994
47400 0.702722
47500 0.80773
47600 0.838196
47700 0.84292
47800 1.43049
47900 1.05417
48000 0.563545
48100 0.782284
48200 1.48298
48300 1.14368
48400 1.17126
48500 0.813818
48600 0.666608
48700 0.829326
48800 1.36561
48900 0.83957
49000 1.63684
49100 1.11748
49200 0.698887
49300 0.654005
49400 1.03297
49500 1.00222
49600 0.950727
49700 0.327323
49800 0.913325
49900 0.671256
50000 0.86908
50100 0.759924
50200 0.663226
50300 0.891946
50400 0.836422
50500 0.51195
50600 1.08699
50700 0.476256
50800 0.947117
50900 0.777039
51000 0.487221
51100 1.07623
51200 0.834473
51300 0.820928
51400 0.817512
51500 1.41028
51600 0.453424
51700 0.271314
51800 0.643494
51900 1.16284
52000 0.50918
52100 0.844728
52200 0.621428
52300 0.980153
52400 1.14242
52500 0.848818
52600 1.09565
52700 0.909881
52800 0.734903
52900 1.05751
53000 0.54194
53100 0.897644
53200 1.07384
53300 1.11898
53400 0.565983
53500 0.497266
53600 0.315849
53700 1.02806
53800 0.587736
53900 1.09123
54000 0.450858
54100 0.218413
54200 1.19626
54300 1.01068
54400 1.05828
54500 0.0359239
54600 0.663595
54700 1.17306
54800 1.05692
54900 0.107675
55000 1.65253
55100 0.566256
55200 0.799386
55300 0.511306
55400 0.741818
55500 1.22716
55600 0.523223
55700 0.939943
55800 0.746026
55900 1.11826
56000 1.17762
56100 1.06002
56200 0.770489
56300 1.01299
56400 0.595507
56500 1.05224
56600 1.78553
56700 0.786099
56800 0.712683
56900 1.01298
57000 1.53193
57100 0.883931
57200 1.13762
57300 1.17275
57400 1.40848
57500 1.38948
57600 1.1584
57700 1.46202
57800 0.917524
57900 0.608048
58000 1.79939
58100 1.24478
58200 0.504447
58300 1.12717
58400 0.862422
58500 0.147632
58600 1.07809
58700 0.369852
58800 0.751321
58900 1.06198
59000 0.770211
59100 1.00536
59200 1.05767
59300 0.459514
59400 1.22854
59500 0.339781
59600 0.941091
59700 0.870005
59800 0.861043
59900 1.08586
60000 0.833633
60100 0.903898
60200 0.764776
60300 0.631251
60400 0.751344
60500 0.735751
60600 1.3107
60700 1.33877
60800 1.28957
60900 0.845075
61000 1.17163
61100 0.442614
61200 0.709484
61300 0.578841
61400 0.439503
61500 0.290298
61600 0.870675
61700 0.770623
61800 0.524927
61900 0.978525
62000 0.667441
62100 0.737772
62200 0.688495
62300 0.890068
62400 1.22271
62500 0.995305
62600 0.362056
62700 0.941445
62800 1.03217
62900 0.751675
63000 1.2951
63100 0.338344
63200 0.324084
63300 0.768569
63400 0.756495
63500 1.18328
63600 0.554737
63700 0.720694
63800 0.806865
63900 0.568593
64000 1.11733
64100 0.89741
64200 0.642571
64300 1.4952
64400 0.469286
64500 0.643768
64600 1.07384
64700 0.104022
64800 0.692011
64900 0.959119
65000 1.03454
65100 0.954306
65200 0.908193
65300 0.84554
65400 0.664717
65500 0.984824
65600 0.70709
65700 0.929619
65800 0.687285
65900 0.212928
66000 0.821667
66100 -0.231001
66200 1.11441
66300 0.628427
66400 0.716851
66500 0.29055
66600 0.97864
66700 0.579976
66800 1.03235
66900 0.418849
67000 1.15913
67100 0.733022
67200 0.541543
67300 1.01074
67400 0.988195
67500 1.19846
67600 1.18522
67700 1.04108
67800 0.664254
67900 1.09416
68000 0.52036
68100 0.316266
68200 0.419188
68300 1.18612
68400 0.809682
68500 1.27747
68600 0.829612
68700 0.765185
68800 0.693386
68900 1.14924
69000 0.479385
69100 0.97389
69200 0.889554
69300 0.413984
69400 0.753229
69500 0.776038
69600 0.844233
69700 1.00355
69800 1.28553
69900 0.588681
70000 0.639198
70100 0.665957
70200 0.861718
70300 0.471903
70400 1.1898
70500 0.730601
70600 0.243261
70700 1.18229
70800 0.361829
70900 0.361253
71000 0.592875
71100 1.07776
71200 0.444891
71300 0.25278
71400 0.956633
71500 1.25669
71600 0.936713
71700 1.22515
71800 0.681761
71900 1.336
72000 0.853611
72100 1.06799
72200 0.368987
72300 1.01613
72400 0.775478
72500 1.18302
72600 1.42956
72700 1.18808
72800 0.307126
72900 1.24304
73000 0.937351
73100 1.40933
73200 1.26763
73300 0.800301
73400 1.17426
73500 0.8859
73600 1.30792
73700 0.79923
73800 0.911684
73900 1.12387
74000 1.19045
74100 1.09475
74200 0.902011
74300 1.11121
74400 0.412997
74500 1.73745
74600 1.06857
74700 0.472682
74800 1.38129
74900 1.05559
75000 0.703567
75100 0.584527
75200 0.697719
75300 1.01106
75400 0.641569
75500 1.16887
75600 0.759727
75700 1.11006
75800 1.1791
75900 0.549299
76000 0.822948
76100 1.48615
76200 0.687781
76300 1.25624
76400 0.922675
76500 1.17557
76600 1.37791
76700 1.39598
76800 1.01745
76900 0.863867
77000 0.370017
77100 0.793292
77200 0.884378
77300 1.128
77400 0.984385
77500 1.00858
77600 0.633791
77700 1.73838
77800 0.843148
77900 0.909689
78000 1.026
78100 1.69858
78200 1.33003
78300 0.80899
78400 0.922113
78500 1.27524
78600 1.03602
78700 1.28503
78800 0.814272
78900 0.517592
79000 0.883879
79100 0.801474
79200 0.620167
79300 0.774826
79400 0.45264
79500 1.19763
79600 1.14805
79700 1.02564
79800 0.472757
79900 1.09718
80000 0.712158
80100 1.24123
80200 1.25796
80300 0.720473
80400 -0.0252543
80500 0.992902
80600 1.12592
80700 1.06672
80800 1.14704
80900 0.623919
81000 1.05656
81100 0.885844
81200 0.193904
81300 0.778296
81400 1.24011
81500 0.259383
81600 0.835065
81700 1.15746
81800 0.711976
81900 1.19039
82000 1.0793
82100 0.70096
82200 2.07592
82300 0.712335
82400 1.16569
82500 0.758925
82600 0.838416
82700 0.535499
82800 1.35505
82900 0.811042
83000 1.08769
83100 1.40982
83200 0.606207
83300 0.768462
83400 0.538462
83500 0.765824
83600 0.604896
83700 1.00507
83800 0.69663
83900 1.28688
84000 1.17814
84100 1.17605
84200 0.226612
84300 0.398106
84400 1.0387
84500 0.509669
84600 1.5249
84700 0.494368
84800 0.906953
84900 0.634901
85000 1.24779
85100 0.46098
85200 1.00034
85300 0.957935
85400 0.59897
85500 0.91061
85600 0.477795
85700 0.571268
85800 0.131908
85900 0.664745
86000 0.76472
86100 0.528706
86200 1.33489
86300 0.589059
86400 0.353178
86500 0.260865
86600 0.649579
86700 0.931619
86800 0.795554
86900 0.66027
87000 0.647814
87100 1.12312
87200 0.686865
87300 1.34546
87400 0.6833
87500 0.86266
87600 0.773582
87700 0.953509
87800 1.12453
87900 1.47641
88000 0.434599
88100 0.481578
88200 1.04122
88300 1.32461
88400 0.460573
88500 0.99153
88600 0.888619
88700 0.666714
88800 1.23025
88900 0.940624
89000 0.697062
89100 0.790786
89200 0.818982
89300 1.04304
89400 0.814051
89500 0.819079
89600 1.21903
89700 1.05438
89800 0.589173
89900 0.835122
90000 0.538214
90100 0.655934
90200 1.252
90300 0.541913
90400 1.02753
90500 0.692873
90600 0.896193
90700 -0.0921243
90800 0.650054
90900 0.634727
91000 1.15814
91100 0.0443201
91200 0.583564
91300 0.746658
91400 0.587987
91500 0.779624
91600 0.683011
91700 0.593244
91800 1.10151
91900 0.829296
92000 0.334244
92100 0.961246
92200 0.964745
92300 1.15373
92400 1.28611
92500 1.12739
92600 0.99718
92700 0.73282
92800 0.857314
92900 1.19428
93000 1.20967
93100 1.60278
93200 0.882733
93300 0.800838
93400 0.668685
93500 1.27374
93600 1.34238
93700 0.305345
93800 1.14011
93900 1.44157
94000 0.765117
94100 0.623552
94200 0.619023
94300 0.387394
94400 1.04152
94500 0.563096
94600 0.995996
94700 0.582094
94800 0.737013
94900 1.23116
95000 0.920046
95100 0.724247
95200 1.24412
95300 1.2491
95400 0.2204
95500 0.677707
95600 0.514483
95700 1.20261
95800 1.45916
95900 1.21152
96000 1.01847
96100 0.419646
96200 0.799326
96300 0.443036
96400 1.0649
96500 0.826266
96600 0.810257
96700 1.04055
96800 0.233285
96900 1.49561
97000 1.36107
97100 1.26616
97200 0.368581
97300 0.894289
97400 1.06053
97500 1.13669
97600 1.48891
97700 0.802947
97800 0.358979
97900 1.43454
98000 0.810261
98100 1.13231
98200 0.377035
98300 1.15352
98400 0.780266
98500 1.14148
98600 0.812331
98700 0.571626
98800 0.249071
98900 1.07151
99000 0.911172
99100 1.18563
99200 0.691724
99300 0.631153
99400 0.688193
99500 0.649865
99600 1.18768
99700 1.21601
99800 1.15389
99900 0.998611
100000 1.49328
