# Time-averaged data for fix dump_temperature
# TimeStep c_calc_temperature
100 0.214446
200 0.257432
300 0.344356
400 0.369991
500 0.397359
600 0.404556
700 0.420942
800 0.450154
900 0.438435
1000 0.431021
1100 0.458895
1200 0.453356
1300 0.473756
1400 0.461546
1500 0.443065
1600 0.435001
1700 0.445256
1800 0.454669
1900 0.457674
2000 0.455748
2100 0.485568
2200 0.479137
2300 0.467199
2400 0.499666
2500 0.466481
2600 0.481239
2700 0.478849
2800 0.476789
2900 0.483373
3000 0.47007
3100 0.513782
3200 0.504319
3300 0.503307
3400 0.491943
3500 0.483753
3600 0.494675
3700 0.502979
3800 0.486
3900 0.498989
4000 0.505042
4100 0.487204
4200 0.47879
4300 0.50509
4400 0.47823
4500 0.510142
4600 0.468244
4700 0.491257
4800 0.488883
4900 0.500723
5000 0.508298
5100 0.514314
5200 0.503093
5300 0.510874
5400 0.503989
5500 0.508692
5600 0.500514
5700 0.522674
5800 0.503705
5900 0.518153
6000 0.506622
6100 0.521427
6200 0.508656
6300 0.519254
6400 0.511687
6500 0.521214
6600 0.515578
6700 0.517832
6800 0.507436
6900 0.495202
7000 0.516856
7100 0.506256
7200 0.505149
7300 0.490878
7400 0.510899
7500 0.500857
7600 0.497357
7700 0.505886
7800 0.489883
7900 0.499984
8000 0.493701
8100 0.523902
8200 0.515706
8300 0.521913
8400 0.494952
8500 0.508201
8600 0.521419
8700 0.502637
8800 0.48825
8900 0.522159
9000 0.503344
9100 0.511838
9200 0.527403
9300 0.537443
9400 0.519457
9500 0.510238
9600 0.499976
9700 0.511343
9800 0.523317
9900 0.490087
10000 0.529146
10100 0.504068
10200 0.527204
10300 0.480213
10400 0.523664
10500 0.524112
10600 0.530582
10700 0.512261
10800 0.525064
10900 0.503693
11000 0.514943
11100 0.502039
11200 0.536195
11300 0.517565
11400 0.509668
11500 0.503706
11600 0.525616
11700 0.532948
11800 0.526099
11900 0.524071
12000 0.531539
12100 0.518101
12200 0.51799
12300 0.498839
12400 0.517035
12500 0.530597
12600 0.471244
12700 0.529358
12800 0.5074
12900 0.503392
13000 0.499685
13100 0.494193
13200 0.517523
13300 0.506606
13400 0.51924
13500 0.491826
13600 0.510965
13700 0.497757
13800 0.522195
13900 0.510318
14000 0.495946
14100 0.511843
14200 0.519059
14300 0.521239
14400 0.533479
14500 0.478843
14600 0.504235
14700 0.532894
14800 0.519085
14900 0.496876
15000 0.490868
15100 0.515871
15200 0.489511
15300 0.524762
15400 0.504558
15500 0.518282
15600 0.503356
15700 0.518692
15800 0.515249
15900 0.509
16000 0.505636
16100 0.52485
16200 0.501619
16300 0.506532
16400 0.511788
16500 0.554258
16600 0.512551
16700 0.514864
16800 0.505413
16900 0.528471
17000 0.525461
17100 0.515111
17200 0.523348
17300 0.543967
17400 0.539712
17500 0.519225
17600 0.538668
17700 0.54817
17800 0.51671
17900 0.534883
18000 0.546453
18100 0.522862
18200 0.528818
18300 0.528982
18400 0.506679
18500 0.520526
18600 0.544772
18700 0.536201
18800 0.501088
18900 0.532442
19000 0.52381
19100 0.524001
19200 0.530422
19300 0.515833
19400 0.533515
19500 0.552442
19600 0.535496
19700 0.520613
19800 0.517507
19900 0.511314
20000 0.514824
20100 0.527905
20200 0.515165
20300 0.534564
20400 0.518317
20500 0.514548
20600 0.517601
20700 0.521406
20800 0.533491
20900 0.525073
21000 0.507645
21100 0.511321
21200 0.493765
21300 0.526117
21400 0.52754
21500 0.522535
21600 0.501728
21700 0.51299
21800 0.517476
21900 0.544583
22000 0.544224
22100 0.502318
22200 0.543219
22300 0.515061
22400 0.508053
22500 0.517527
22600 0.509692
22700 0.547165
22800 0.515423
22900 0.555203
23000 0.532414
23100 0.549911
23200 0.533355
23300 0.514211
23400 0.533959
23500 0.539204
23600 0.516038
23700 0.509888
23800 0.532885
23900 0.528254
24000 0.526593
24100 0.530643
24200 0.535258
24300 0.535796
24400 0.538544
24500 0.539658
24600 0.535699
24700 0.526742
24800 0.523477
24900 0.519691
25000 0.53152
25100 0.53077
25200 0.526528
25300 0.498473
25400 0.52613
25500 0.537982
25600 0.526987
25700 0.549254
25800 0.534211
25900 0.548756
26000 0.537565
26100 0.539598
26200 0.518543
26300 0.524002
26400 0.549874
26500 0.546136
26600 0.521001
26700 0.525452
26800 0.516061
26900 0.519532
27000 0.540568
27100 0.492422
27200 0.52209
27300 0.535965
27400 0.520341
27500 0.542299
27600 0.521889
27700 0.532767
27800 0.53853
27900 0.52035
28000 0.527202
28100 0.527997
28200 0.530183
28300 0.538615
28400 0.540939
28500 0.55879
28600 0.525393
28700 0.5279
28800 0.541145
28900 0.526532
29000 0.495184
29100 0.535624
29200 0.503302
29300 0.519932
29400 0.543767
29500 0.523029
29600 0.552509
29700 0.516395
29800 0.519455
29900 0.530809
30000 0.515254
30100 0.530664
30200 0.538266
30300 0.507209
30400 0.509888
30500 0.556924
30600 0.556271
30700 0.523735
30800 0.526931
30900 0.508765
31000 0.546917
31100 0.518775
31200 0.519946
31300 0.525164
31400 0.531697
31500 0.540066
31600 0.493807
31700 0.534263
31800 0.536818
31900 0.533201
32000 0.523335
32100 0.534678
32200 0.540655
32300 0.515995
32400 0.516354
32500 0.510528
32600 0.546037
32700 0.519154
32800 0.512526
32900 0.529449
33000 0.534131
33100 0.495775
33200 0.528087
33300 0.524628
33400 0.535865
33500 0.509554
33600 0.50438
33700 0.538176
33800 0.504032
33900 0.522666
34000 0.515925
34100 0.528984
34200 0.516727
34300 0.542917
34400 0.532391
34500 0.520713
34600 0.558467
34700 0.535239
34800 0.506177
34900 0.524571
35000 0.542464
35100 0.520537
35200 0.516269
35300 0.51347
35400 0.537943
35500 0.539254
35600 0.525051
35700 0.513894
35800 0.503019
35900 0.52748
36000 0.536402
36100 0.512333
36200 0.521427
36300 0.532794
36400 0.528266
36500 0.54689
36600 0.5381
36700 0.518626
36800 0.512859
36900 0.495646
37000 0.528667
37100 0.520549
37200 0.525263
37300 0.550771
37400 0.543941
37500 0.517232
37600 0.513382
37700 0.525426
37800 0.540661
37900 0.559758
38000 0.538897
38100 0.486683
38200 0.553673
38300 0.538295
38400 0.528765
38500 0.539807
38600 0.534164
38700 0.554438
38800 0.541871
38900 0.520359
39000 0.547297
39100 0.532222
39200 0.524703
39300 0.511886
39400 0.537875
39500 0.536858
39600 0.543958
39700 0.511164
39800 0.519338
39900 0.525503
40000 0.547172
40100 0.535625
40200 0.535262
40300 0.536931
40400 0.540049
40500 0.517333
40600 0.504388
40700 0.521271
40800 0.510784
40900 0.522239
41000 0.527716
41100 0.493428
41200 0.506955
41300 0.52145
41400 0.535672
41500 0.528908
41600 0.493418
41700 0.516624
41800 0.517245
41900 0.531311
42000 0.520546
42100 0.543581
42200 0.534884
42300 0.532177
42400 0.514978
42500 0.530622
42600 0.52554
42700 0.539745
42800 0.548768
42900 0.523457
43000 0.528722
43100 0.50356
43200 0.500012
43300 0.512432
43400 0.529994
43500 0.488332
43600 0.52488
43700 0.541134
43800 0.503852
43900 0.543291
44000 0.508828
44100 0.559667
44200 0.534795
44300 0.508454
44400 0.529812
44500 0.510741
44600 0.532484
44700 0.515239
44800 0.529516
44900 0.541224
45000 0.536145
45100 0.582293
45200 0.525531
45300 0.564257
45400 0.532395
45500 0.538105
45600 0.547068
45700 0.522672
45800 0.51982
45900 0.538202
46000 0.504118
46100 0.513006
46200 0.548306
46300 0.517001
46400 0.55364
46500 0.528404
46600 0.517226
46700 0.522006
46800 0.534517
46900 0.541382
47000 0.528191
47100 0.523212
47200 0.52383
47300 0.52679
47400 0.516089
47500 0.536183
47600 0.533275
47700 0.52382
47800 0.504306
47900 0.535319
48000 0.485323
48100 0.545042
48200 0.522845
48300 0.54861
48400 0.528007
48500 0.540398
48600 0.516598
48700 0.549884
48800 0.525955
48900 0.515514
49000 0.507289
49100 0.519869
49200 0.509318
49300 0.536585
49400 0.51111
49500 0.502782
49600 0.509136
49700 0.503643
49800 0.539428
49900 0.519182
50000 0.50466
50100 0.538527
50200 0.553271
50300 0.543522
50400 0.529933
50500 0.538292
50600 0.521733
50700 0.55577
50800 0.543981
50900 0.544897
51000 0.534724
51100 0.54805
51200 0.537966
51300 0.503114
51400 0.515905
51500 0.529115
51600 0.527498
51700 0.531588
51800 0.558303
51900 0.513283
52000 0.498002
52100 0.516673
52200 0.511618
52300 0.517997
52400 0.518196
52500 0.535058
52600 0.502883
52700 0.560881
52800 0.534602
52900 0.553847
53000 0.516329
53100 0.54895
53200 0.53155
53300 0.516858
53400 0.509112
53500 0.516033
53600 0.521036
53700 0.532361
53800 0.530015
53900 0.519959
54000 0.533244
54100 0.523203
54200 0.518147
54300 0.535623
54400 0.552386
54500 0.514752
54600 0.548484
54700 0.536146
54800 0.53114
54900 0.531927
55000 0.53569
55100 0.536423
55200 0.528529
55300 0.511616
55400 0.524888
55500 0.541972
55600 0.537427
55700 0.547261
55800 0.544817
55900 0.50381
56000 0.519106
56100 0.528306
56200 0.548313
56300 0.53366
56400 0.530442
56500 0.54565
56600 0.542081
56700 0.518424
56800 0.529743
56900 0.50777
57000 0.524347
57100 0.498756
57200 0.524595
57300 0.507397
57400 0.516267
57500 0.50669
57600 0.529637
57700 0.531016
57800 0.551792
57900 0.531468
58000 0.557754
58100 0.528951
58200 0.515951
58300 0.526082
58400 0.537367
58500 0.518891
58600 0.578481
58700 0.561751
58800 0.548725
58900 0.548364
59000 0.550938
59100 0.529013
59200 0.539405
59300 0.550494
59400 0.548813
59500 0.54711
59600 0.557741
59700 0.532371
59800 0.506822
59900 0.544759
60000 0.541848
60100 0.544441
60200 0.530099
60300 0.526762
60400 0.5688
60500 0.538054
60600 0.529221
60700 0.510524
60800 0.535236
60900 0.526912
61000 0.556806
61100 0.537763
61200 0.556609
61300 0.536554
61400 0.546623
61500 0.516137
61600 0.542809
61700 0.546054
61800 0.519265
61900 0.532871
62000 0.507218
62100 0.527763
62200 0.530419
62300 0.520939
62400 0.529461
62500 0.518209
62600 0.548316
62700 0.541406
62800 0.517062
62900 0.559954
63000 0.559541
63100 0.5454
63200 0.536982
63300 0.502904
63400 0.524558
63500 0.546112
63600 0.559063
63700 0.525194
63800 0.564674
63900 0.548396
64000 0.535993
64100 0.530519
64200 0.524231
64300 0.51635
64400 0.557445
64500 0.543663
64600 0.522145
64700 0.52378
64800 0.545762
64900 0.55277
65000 0.524094
65100 0.528737
65200 0.516867
65300 0.525456
65400 0.538773
65500 0.541918
65600 0.524335
65700 0.530902
65800 0.502673
65900 0.524369
66000 0.520203
66100 0.51297
66200 0.508559
66300 0.510536
66400 0.514015
66500 0.513786
66600 0.520666
66700 0.514382
66800 0.511204
66900 0.53708
67000 0.523526
67100 0.537407
67200 0.528251
67300 0.505044
67400 0.520332
67500 0.516473
67600 0.531859
67700 0.525149
67800 0.543371
67900 0.531466
68000 0.518872
68100 0.536704
68200 0.535687
68300 0.527574
68400 0.530498
68500 0.539782
68600 0.52772
68700 0.55191
68800 0.533126
68900 0.544503
69000 0.535474
69100 0.538452
69200 0.513814
69300 0.553516
69400 0.550845
69500 0.545216
69600 0.528501
69700 0.545699
69800 0.518719
69900 0.545297
70000 0.519589
70100 0.544691
70200 0.527414
70300 0.53
70400 0.522594
70500 0.533333
70600 0.538118
70700 0.533351
70800 0.526382
70900 0.552388
71000 0.515601
71100 0.531158
71200 0.53303
71300 0.522537
71400 0.519676
71500 0.533692
71600 0.528119
71700 0.515373
71800 0.505615
71900 0.518484
72000 0.510236
72100 0.527288
72200 0.52409
72300 0.546604
72400 0.521893
72500 0.529721
72600 0.508079
72700 0.500345
72800 0.51859
72900 0.551058
73000 0.520422
73100 0.532571
73200 0.501471
73300 0.500707
73400 0.513191
73500 0.538044
73600 0.488257
73700 0.540532
73800 0.508933
73900 0.503517
74000 0.510793
74100 0.507881
74200 0.525009
74300 0.522543
74400 0.517909
74500 0.528818
74600 0.514869
74700 0.515035
74800 0.508396
74900 0.503255
75000 0.520187
75100 0.518866
75200 0.534427
75300 0.520839
75400 0.500278
75500 0.522334
75600 0.537225
75700 0.497895
75800 0.509344
75900 0.511575
76000 0.522951
76100 0.521414
76200 0.529915
76300 0.532568
76400 0.542406
76500 0.538274
76600 0.512293
76700 0.509359
76800 0.523305
76900 0.529974
77000 0.528851
77100 0.544676
77200 0.521191
77300 0.529139
77400 0.529221
77500 0.487287
77600 0.526894
77700 0.522454
77800 0.532808
77900 0.531164
78000 0.510178
78100 0.535057
78200 0.507068
78300 0.522066
78400 0.53552
78500 0.520172
78600 0.506686
78700 0.513574
78800 0.536627
78900 0.530551
79000 0.549073
79100 0.494444
79200 0.536023
79300 0.505171
79400 0.521427
79500 0.552631
79600 0.539642
79700 0.515339
79800 0.547061
79900 0.539157
80000 0.514239
80100 0.513743
80200 0.524612
80300 0.52226
80400 0.525107
80500 0.483426
80600 0.513058
80700 0.516268
80800 0.515751
80900 0.516219
81000 0.514198
81100 0.50114
81200 0.537165
81300 0.512792
81400 0.521361
81500 0.522076
81600 0.499918
81700 0.566594
81800 0.521571
81900 0.541617
82000 0.537454
82100 0.528674
82200 0.538767
82300 0.504186
82400 0.539683
82500 0.511945
82600 0.524473
82700 0.52444
82800 0.507871
82900 0.51606
83000 0.525328
83100 0.507643
83200 0.503566
83300 0.51636
83400 0.531165
83500 0.540428
83600 0.510056
83700 0.53327
83800 0.505841
83900 0.490614
84000 0.516573
84100 0.501839
84200 0.509977
84300 0.515767
84400 0.530701
84500 0.528998
84600 0.527773
84700 0.526162
84800 0.518391
84900 0.534189
85000 0.505187
85100 0.542754
85200 0.560454
85300 0.545007
85400 0.49932
85500 0.5615
85600 0.50529
85700 0.550486
85800 0.513555
85900 0.527107
86000 0.561018
86100 0.516644
86200 0.525696
86300 0.497162
86400 0.542773
86500 0.520085
86600 0.520022
86700 0.520937
86800 0.508257
86900 0.509431
87000 0.565453
87100 0.50994
87200 0.515068
87300 0.551275
87400 0.525709
87500 0.526327
87600 0.53053
87700 0.529967
87800 0.507665
87900 0.527096
88000 0.556853
88100 0.510651
88200 0.528271
88300 0.544598
88400 0.518787
88500 0.519276
88600 0.545992
88700 0.51307
88800 0.508638
88900 0.518894
89000 0.519074
89100 0.514142
89200 0.50786
89300 0.501287
89400 0.517502
89500 0.534303
89600 0.533757
89700 0.505814
89800 0.539726
89900 0.546694
90000 0.54347
90100 0.516514
90200 0.532505
90300 0.503334
90400 0.50489
90500 0.513612
90600 0.531443
90700 0.515151
90800 0.525045
90900 0.523739
91000 0.526167
91100 0.521244
91200 0.53414
91300 0.524017
91400 0.506223
91500 0.5288
91600 0.527379
91700 0.513176
91800 0.506929
91900 0.502958
92000 0.528497
92100 0.51884
92200 0.50978
92300 0.524104
92400 0.520618
92500 0.507867
92600 0.524428
92700 0.514225
92800 0.542795
92900 0.525655
93000 0.539134
93100 0.497205
93200 0.514034
93300 0.539241
93400 0.548559
93500 0.520595
93600 0.523269
93700 0.532023
93800 0.515456
93900 0.532101
94000 0.497298
94100 0.538936
94200 0.52957
94300 0.517652
94400 0.515111
94500 0.503178
94600 0.543579
94700 0.55792
94800 0.517687
94900 0.501329
95000 0.542027
95100 0.519184
95200 0.5356
95300 0.512777
95400 0.518603
95500 0.544134
95600 0.541089
95700 0.507716
95800 0.550623
95900 0.52947
96000 0.509901
96100 0.534402
96200 0.515928
96300 0.530059
96400 0.513063
96500 0.511463
96600 0.542946
96700 0.535786
96800 0.527928
96900 0.482752
97000 0.5234
97100 0.515597
97200 0.531809
97300 0.534379
97400 0.517998
97500 0.542917
97600 0.503358
97700 0.511035
97800 0.49439
97900 0.511181
98000 0.505923
98100 0.529642
98200 0.498163
98300 0.51213
98400 0.535258
98500 0.544004
98600 0.535837
98700 0.53602
98800 0.512704
98900 0.522791
99000 0.5209
99100 0.526408
99200 0.513562
99300 0.519849
99400 0.523803
99500 0.517998
99600 0.536124
99700 0.518398
99800 0.515024
99900 0.535439
100000 0.503421
