# Time-averaged data for fix dump_ke
# TimeStep c_calc_ke c_calc_pe
100 160.835 -2409.5
200 193.074 -2441.75
300 258.267 -2506.95
400 277.493 -2526.17
500 298.019 -2546.7
600 303.417 -2552.1
700 315.706 -2564.39
800 337.616 -2586.3
900 328.826 -2577.51
1000 323.266 -2571.95
1100 344.171 -2592.86
1200 340.017 -2588.7
1300 355.317 -2604.02
1400 346.16 -2594.86
1500 332.299 -2580.99
1600 326.251 -2574.94
1700 333.942 -2582.63
1800 341.002 -2589.7
1900 343.256 -2591.95
2000 341.811 -2590.5
2100 364.176 -2612.87
2200 359.353 -2608.04
2300 350.399 -2599.09
2400 374.75 -2623.44
2500 349.861 -2598.55
2600 360.929 -2609.62
2700 359.137 -2607.83
2800 357.592 -2606.29
2900 362.53 -2611.22
3000 352.553 -2601.25
3100 385.337 -2634.04
3200 378.239 -2626.93
3300 377.48 -2626.18
3400 368.957 -2617.66
3500 362.815 -2611.51
3600 371.007 -2619.7
3700 377.234 -2625.94
3800 364.5 -2613.19
3900 374.242 -2622.94
4000 378.781 -2627.48
4100 365.403 -2614.09
4200 359.092 -2607.79
4300 378.817 -2627.52
4400 358.673 -2607.36
4500 382.607 -2631.31
4600 351.183 -2599.88
4700 368.443 -2617.12
4800 366.662 -2615.36
4900 375.542 -2624.24
5000 381.223 -2629.92
5100 385.736 -2634.44
5200 377.32 -2626.01
5300 383.156 -2631.85
5400 377.992 -2626.69
5500 381.519 -2630.22
5600 375.386 -2624.08
5700 392.005 -2640.71
5800 377.779 -2626.48
5900 388.615 -2637.31
6000 379.966 -2628.66
6100 391.07 -2639.77
6200 381.492 -2630.19
6300 389.441 -2638.15
6400 383.765 -2632.46
6500 390.911 -2639.61
6600 386.683 -2635.38
6700 388.374 -2637.07
6800 380.577 -2629.28
6900 371.402 -2620.1
7000 387.642 -2636.34
7100 379.692 -2628.38
7200 378.862 -2627.57
7300 368.158 -2616.85
7400 383.174 -2631.86
7500 375.642 -2624.34
7600 373.017 -2621.71
7700 379.414 -2628.11
7800 367.413 -2616.11
7900 374.988 -2623.68
8000 370.275 -2618.98
8100 392.926 -2641.63
8200 386.779 -2635.48
8300 391.435 -2640.13
8400 371.214 -2619.91
8500 381.15 -2629.84
8600 391.064 -2639.76
8700 376.978 -2625.67
8800 366.188 -2614.88
8900 391.619 -2640.32
9000 377.508 -2626.2
9100 383.878 -2632.57
9200 395.553 -2644.26
9300 403.083 -2651.79
9400 389.593 -2638.29
9500 382.679 -2631.38
9600 374.982 -2623.67
9700 383.508 -2632.21
9800 392.488 -2641.19
9900 367.565 -2616.25
10000 396.86 -2645.56
10100 378.051 -2626.75
10200 395.403 -2644.11
10300 360.159 -2608.85
10400 392.748 -2641.44
10500 393.084 -2641.78
10600 397.937 -2646.63
10700 384.196 -2632.9
10800 393.798 -2642.49
10900 377.77 -2626.45
11000 386.207 -2634.92
11100 376.53 -2625.22
11200 402.146 -2650.85
11300 388.174 -2636.87
11400 382.251 -2630.95
11500 377.78 -2626.47
11600 394.212 -2642.91
11700 399.711 -2648.42
11800 394.574 -2643.27
11900 393.053 -2641.75
12000 398.654 -2647.35
12100 388.575 -2637.27
12200 388.493 -2637.19
12300 374.129 -2622.82
12400 387.777 -2636.47
12500 397.948 -2646.64
12600 353.433 -2602.13
12700 397.019 -2645.72
12800 380.55 -2629.24
12900 377.544 -2626.24
13000 374.764 -2623.46
13100 370.645 -2619.34
13200 388.142 -2636.84
13300 379.955 -2628.65
13400 389.43 -2638.13
13500 368.87 -2617.57
13600 383.224 -2631.92
13700 373.318 -2622.02
13800 391.647 -2640.34
13900 382.739 -2631.43
14000 371.96 -2620.65
14100 383.882 -2632.58
14200 389.295 -2637.99
14300 390.929 -2639.63
14400 400.109 -2648.81
14500 359.132 -2607.82
14600 378.176 -2626.88
14700 399.671 -2648.36
14800 389.313 -2638.01
14900 372.657 -2621.35
15000 368.151 -2616.84
15100 386.903 -2635.6
15200 367.133 -2615.82
15300 393.571 -2642.27
15400 378.418 -2627.11
15500 388.712 -2637.41
15600 377.517 -2626.2
15700 389.019 -2637.71
15800 386.437 -2635.13
15900 381.75 -2630.45
16000 379.227 -2627.92
16100 393.637 -2642.33
16200 376.214 -2624.91
16300 379.899 -2628.6
16400 383.841 -2632.53
16500 415.693 -2664.39
16600 384.413 -2633.11
16700 386.148 -2634.85
16800 379.06 -2627.75
16900 396.353 -2645.05
17000 394.096 -2642.79
17100 386.333 -2635.03
17200 392.511 -2641.21
17300 407.975 -2656.68
17400 404.784 -2653.48
17500 389.418 -2638.11
17600 404.001 -2652.7
17700 411.128 -2659.83
17800 387.532 -2636.23
17900 401.162 -2649.86
18000 409.839 -2658.53
18100 392.146 -2640.84
18200 396.613 -2645.31
18300 396.736 -2645.44
18400 380.009 -2628.7
18500 390.394 -2639.09
18600 408.579 -2657.28
18700 402.151 -2650.85
18800 375.816 -2624.5
18900 399.331 -2648.02
19000 392.857 -2641.55
19100 393.001 -2641.69
19200 397.817 -2646.51
19300 386.875 -2635.57
19400 400.136 -2648.83
19500 414.331 -2663.03
19600 401.622 -2650.31
19700 390.46 -2639.16
19800 388.13 -2636.83
19900 383.485 -2632.19
20000 386.118 -2634.82
20100 395.929 -2644.62
20200 386.374 -2635.07
20300 400.923 -2649.62
20400 388.738 -2637.43
20500 385.911 -2634.6
20600 388.201 -2636.9
20700 391.055 -2639.76
20800 400.119 -2648.82
20900 393.805 -2642.51
21000 380.734 -2629.43
21100 383.491 -2632.19
21200 370.324 -2619.02
21300 394.588 -2643.29
21400 395.655 -2644.36
21500 391.901 -2640.6
21600 376.296 -2625
21700 384.743 -2633.43
21800 388.107 -2636.8
21900 408.438 -2657.15
22000 408.168 -2656.87
22100 376.738 -2625.43
22200 407.414 -2656.11
22300 386.296 -2634.99
22400 381.04 -2629.73
22500 388.145 -2636.84
22600 382.269 -2630.96
22700 410.374 -2659.07
22800 386.567 -2635.26
22900 416.402 -2665.11
23000 399.31 -2648
23100 412.433 -2661.14
23200 400.016 -2648.7
23300 385.658 -2634.35
23400 400.47 -2649.17
23500 404.403 -2653.1
23600 387.029 -2635.72
23700 382.416 -2631.11
23800 399.664 -2648.37
23900 396.191 -2644.89
24000 394.945 -2643.63
24100 397.982 -2646.67
24200 401.443 -2650.14
24300 401.847 -2650.54
24400 403.908 -2652.61
24500 404.743 -2653.44
24600 401.774 -2650.47
24700 395.057 -2643.76
24800 392.608 -2641.31
24900 389.768 -2638.47
25000 398.64 -2647.34
25100 398.077 -2646.78
25200 394.896 -2643.6
25300 373.855 -2622.55
25400 394.598 -2643.29
25500 403.486 -2652.19
25600 395.24 -2643.93
25700 411.941 -2660.65
25800 400.658 -2649.35
25900 411.567 -2660.28
26000 403.174 -2651.87
26100 404.699 -2653.39
26200 388.908 -2637.6
26300 393.001 -2641.7
26400 412.406 -2661.11
26500 409.602 -2658.3
26600 390.751 -2639.45
26700 394.089 -2642.78
26800 387.046 -2635.74
26900 389.649 -2638.34
27000 405.426 -2654.13
27100 369.317 -2618
27200 391.568 -2640.26
27300 401.974 -2650.68
27400 390.256 -2638.95
27500 406.724 -2655.42
27600 391.417 -2640.12
27700 399.575 -2648.27
27800 403.898 -2652.59
27900 390.262 -2638.96
28000 395.402 -2644.1
28100 395.998 -2644.69
28200 397.637 -2646.34
28300 403.961 -2652.66
28400 405.704 -2654.41
28500 419.093 -2667.79
28600 394.045 -2642.75
28700 395.925 -2644.62
28800 405.859 -2654.56
28900 394.899 -2643.6
29000 371.388 -2620.08
29100 401.718 -2650.41
29200 377.477 -2626.17
29300 389.949 -2638.64
29400 407.825 -2656.53
29500 392.271 -2640.97
29600 414.382 -2663.08
29700 387.297 -2636
29800 389.592 -2638.28
29900 398.107 -2646.82
30000 386.44 -2635.14
30100 397.998 -2646.69
30200 403.699 -2652.39
30300 380.407 -2629.1
30400 382.416 -2631.11
30500 417.693 -2666.4
30600 417.203 -2665.92
30700 392.801 -2641.49
30800 395.198 -2643.9
30900 381.574 -2630.27
31000 410.188 -2658.89
31100 389.081 -2637.78
31200 389.959 -2638.66
31300 393.873 -2642.57
31400 398.773 -2647.47
31500 405.05 -2653.76
31600 370.356 -2619.06
31700 400.697 -2649.41
31800 402.614 -2651.31
31900 399.901 -2648.61
32000 392.501 -2641.21
32100 401.009 -2649.7
32200 405.491 -2654.19
32300 386.996 -2635.69
32400 387.266 -2635.96
32500 382.896 -2631.58
32600 409.528 -2658.23
32700 389.366 -2638.06
32800 384.394 -2633.09
32900 397.087 -2645.78
33000 400.598 -2649.3
33100 371.831 -2620.53
33200 396.065 -2644.77
33300 393.471 -2642.16
33400 401.898 -2650.59
33500 382.166 -2630.87
33600 378.285 -2626.98
33700 403.632 -2652.34
33800 378.024 -2626.72
33900 392 -2640.7
34000 386.944 -2635.64
34100 396.738 -2645.43
34200 387.545 -2636.24
34300 407.188 -2655.88
34400 399.293 -2647.99
34500 390.535 -2639.23
34600 418.85 -2667.54
34700 401.429 -2650.12
34800 379.633 -2628.33
34900 393.428 -2642.12
35000 406.848 -2655.54
35100 390.403 -2639.1
35200 387.202 -2635.9
35300 385.102 -2633.79
35400 403.458 -2652.15
35500 404.441 -2653.14
35600 393.788 -2642.48
35700 385.421 -2634.12
35800 377.264 -2625.96
35900 395.61 -2644.31
36000 402.302 -2651
36100 384.25 -2632.95
36200 391.07 -2639.77
36300 399.595 -2648.3
36400 396.199 -2644.9
36500 410.168 -2658.87
36600 403.575 -2652.27
36700 388.97 -2637.67
36800 384.644 -2633.34
36900 371.734 -2620.43
37000 396.5 -2645.2
37100 390.411 -2639.11
37200 393.947 -2642.64
37300 413.078 -2661.79
37400 407.956 -2656.66
37500 387.924 -2636.62
37600 385.037 -2633.74
37700 394.07 -2642.77
37800 405.496 -2654.2
37900 419.819 -2668.52
38000 404.173 -2652.87
38100 365.012 -2613.71
38200 415.255 -2663.96
38300 403.722 -2652.42
38400 396.574 -2645.26
38500 404.855 -2653.55
38600 400.623 -2649.32
38700 415.828 -2664.53
38800 406.404 -2655.1
38900 390.269 -2638.96
39000 410.473 -2659.17
39100 399.167 -2647.87
39200 393.528 -2642.22
39300 383.914 -2632.61
39400 403.406 -2652.1
39500 402.644 -2651.34
39600 407.969 -2656.67
39700 383.373 -2632.07
39800 389.504 -2638.2
39900 394.127 -2642.81
40000 410.379 -2659.08
40100 401.719 -2650.42
40200 401.446 -2650.14
40300 402.698 -2651.39
40400 405.037 -2653.74
40500 388 -2636.69
40600 378.291 -2626.98
40700 390.953 -2639.65
40800 383.088 -2631.79
40900 391.679 -2640.37
41000 395.787 -2644.49
41100 370.071 -2618.76
41200 380.216 -2628.91
41300 391.088 -2639.79
41400 401.754 -2650.46
41500 396.681 -2645.39
41600 370.064 -2618.76
41700 387.468 -2636.16
41800 387.934 -2636.62
41900 398.483 -2647.19
42000 390.409 -2639.11
42100 407.686 -2656.39
42200 401.163 -2649.86
42300 399.133 -2647.83
42400 386.234 -2634.93
42500 397.967 -2646.67
42600 394.155 -2642.85
42700 404.809 -2653.51
42800 411.576 -2660.28
42900 392.593 -2641.29
43000 396.541 -2645.24
43100 377.67 -2626.36
43200 375.009 -2623.7
43300 384.324 -2633.02
43400 397.496 -2646.19
43500 366.249 -2614.95
43600 393.66 -2642.36
43700 405.851 -2654.55
43800 377.889 -2626.58
43900 407.469 -2656.17
44000 381.621 -2630.31
44100 419.75 -2668.45
44200 401.096 -2649.79
44300 381.34 -2630.03
44400 397.359 -2646.06
44500 383.055 -2631.75
44600 399.363 -2648.06
44700 386.429 -2635.12
44800 397.137 -2645.83
44900 405.918 -2654.62
45000 402.109 -2650.81
45100 436.72 -2685.44
45200 394.148 -2642.85
45300 423.193 -2671.9
45400 399.296 -2647.99
45500 403.579 -2652.28
45600 410.301 -2659
45700 392.004 -2640.7
45800 389.865 -2638.56
45900 403.651 -2652.35
46000 378.088 -2626.78
46100 384.754 -2633.46
46200 411.23 -2659.93
46300 387.751 -2636.45
46400 415.23 -2663.94
46500 396.303 -2645
46600 387.919 -2636.62
46700 391.505 -2640.19
46800 400.888 -2649.59
46900 406.037 -2654.74
47000 396.143 -2644.84
47100 392.409 -2641.11
47200 392.873 -2641.57
47300 395.093 -2643.8
47400 387.067 -2635.77
47500 402.137 -2650.84
47600 399.956 -2648.65
47700 392.865 -2641.56
47800 378.229 -2626.92
47900 401.49 -2650.19
48000 363.992 -2612.69
48100 408.781 -2657.47
48200 392.134 -2640.83
48300 411.458 -2660.16
48400 396.005 -2644.71
48500 405.299 -2654
48600 387.448 -2636.15
48700 412.413 -2661.11
48800 394.466 -2643.16
48900 386.636 -2635.34
49000 380.467 -2629.17
49100 389.902 -2638.6
49200 381.988 -2630.68
49300 402.439 -2651.14
49400 383.332 -2632.03
49500 377.086 -2625.78
49600 381.852 -2630.55
49700 377.732 -2626.43
49800 404.571 -2653.27
49900 389.387 -2638.09
50000 378.495 -2627.19
50100 403.895 -2652.6
50200 414.953 -2663.66
50300 407.642 -2656.34
50400 397.45 -2646.15
50500 403.719 -2652.42
50600 391.3 -2640
50700 416.828 -2665.53
50800 407.985 -2656.68
50900 408.673 -2657.37
51000 401.043 -2649.75
51100 411.037 -2659.73
51200 403.474 -2652.17
51300 377.335 -2626.03
51400 386.929 -2635.62
51500 396.836 -2645.54
51600 395.623 -2644.33
51700 398.691 -2647.39
51800 418.727 -2667.43
51900 384.962 -2633.66
52000 373.502 -2622.2
52100 387.505 -2636.2
52200 383.713 -2632.4
52300 388.498 -2637.2
52400 388.647 -2637.35
52500 401.293 -2650
52600 377.162 -2625.87
52700 420.661 -2669.36
52800 400.952 -2649.65
52900 415.385 -2664.09
53000 387.247 -2635.94
53100 411.712 -2660.4
53200 398.662 -2647.36
53300 387.644 -2636.34
53400 381.834 -2630.54
53500 387.025 -2635.72
53600 390.777 -2639.48
53700 399.27 -2647.97
53800 397.512 -2646.22
53900 389.969 -2638.66
54000 399.933 -2648.63
54100 392.402 -2641.1
54200 388.61 -2637.3
54300 401.718 -2650.42
54400 414.29 -2663
54500 386.064 -2634.76
54600 411.363 -2660.06
54700 402.11 -2650.81
54800 398.355 -2647.05
54900 398.945 -2647.64
55000 401.768 -2650.47
55100 402.317 -2651.01
55200 396.397 -2645.09
55300 383.712 -2632.41
55400 393.666 -2642.36
55500 406.479 -2655.18
55600 403.07 -2651.77
55700 410.446 -2659.15
55800 408.613 -2657.32
55900 377.857 -2626.55
56000 389.33 -2638.03
56100 396.229 -2644.93
56200 411.235 -2659.93
56300 400.245 -2648.95
56400 397.832 -2646.53
56500 409.237 -2657.93
56600 406.56 -2655.26
56700 388.818 -2637.51
56800 397.307 -2646.02
56900 380.828 -2629.52
57000 393.26 -2641.95
57100 374.067 -2622.76
57200 393.446 -2642.14
57300 380.548 -2629.24
57400 387.2 -2635.9
57500 380.017 -2628.72
57600 397.227 -2645.92
57700 398.262 -2646.97
57800 413.844 -2662.54
57900 398.601 -2647.3
58000 418.316 -2667.02
58100 396.713 -2645.41
58200 386.964 -2635.66
58300 394.561 -2643.26
58400 403.025 -2651.73
58500 389.168 -2637.86
58600 433.861 -2682.56
58700 421.313 -2670.01
58800 411.544 -2660.24
58900 411.273 -2659.98
59000 413.204 -2661.91
59100 396.76 -2645.45
59200 404.553 -2653.25
59300 412.87 -2661.57
59400 411.61 -2660.31
59500 410.332 -2659.03
59600 418.306 -2667
59700 399.279 -2647.98
59800 380.117 -2628.81
59900 408.569 -2657.26
60000 406.386 -2655.08
60100 408.331 -2657.03
60200 397.574 -2646.27
60300 395.072 -2643.77
60400 426.6 -2675.3
60500 403.54 -2652.23
60600 396.916 -2645.61
60700 382.893 -2631.58
60800 401.427 -2650.13
60900 395.184 -2643.88
61000 417.604 -2666.31
61100 403.322 -2652.02
61200 417.457 -2666.15
61300 402.416 -2651.11
61400 409.967 -2658.66
61500 387.103 -2635.8
61600 407.107 -2655.81
61700 409.54 -2658.24
61800 389.448 -2638.15
61900 399.653 -2648.34
62000 380.414 -2629.1
62100 395.822 -2644.52
62200 397.815 -2646.52
62300 390.704 -2639.4
62400 397.096 -2645.79
62500 388.657 -2637.35
62600 411.237 -2659.95
62700 406.055 -2654.75
62800 387.797 -2636.49
62900 419.966 -2668.67
63000 419.656 -2668.37
63100 409.05 -2657.75
63200 402.736 -2651.43
63300 377.178 -2625.87
63400 393.419 -2642.13
63500 409.584 -2658.3
63600 419.297 -2668
63700 393.896 -2642.59
63800 423.506 -2672.2
63900 411.297 -2660
64000 401.995 -2650.69
64100 397.889 -2646.57
64200 393.173 -2641.88
64300 387.263 -2635.97
64400 418.084 -2666.79
64500 407.747 -2656.45
64600 391.609 -2640.31
64700 392.835 -2641.53
64800 409.322 -2658.03
64900 414.578 -2663.29
65000 393.07 -2641.76
65100 396.553 -2645.25
65200 387.65 -2636.35
65300 394.092 -2642.8
65400 404.08 -2652.78
65500 406.438 -2655.14
65600 393.251 -2641.94
65700 398.176 -2646.87
65800 377.005 -2625.7
65900 393.277 -2641.97
66000 390.152 -2638.84
66100 384.728 -2633.42
66200 381.419 -2630.12
66300 382.902 -2631.6
66400 385.511 -2634.21
66500 385.34 -2634.03
66600 390.5 -2639.21
66700 385.786 -2634.48
66800 383.403 -2632.11
66900 402.81 -2651.51
67000 392.644 -2641.35
67100 403.055 -2651.77
67200 396.188 -2644.89
67300 378.783 -2627.47
67400 390.249 -2638.94
67500 387.355 -2636.05
67600 398.894 -2647.6
67700 393.862 -2642.56
67800 407.529 -2656.23
67900 398.599 -2647.31
68000 389.154 -2637.85
68100 402.528 -2651.23
68200 401.765 -2650.47
68300 395.68 -2644.36
68400 397.874 -2646.57
68500 404.837 -2653.54
68600 395.79 -2644.49
68700 413.932 -2662.63
68800 399.845 -2648.55
68900 408.377 -2657.08
69000 401.606 -2650.3
69100 403.839 -2652.53
69200 385.361 -2634.05
69300 415.137 -2663.84
69400 413.134 -2661.83
69500 408.912 -2657.61
69600 396.376 -2645.07
69700 409.274 -2657.97
69800 389.04 -2637.74
69900 408.972 -2657.67
70000 389.692 -2638.39
70100 408.518 -2657.23
70200 395.561 -2644.25
70300 397.5 -2646.21
70400 391.945 -2640.65
70500 400 -2648.7
70600 403.589 -2652.27
70700 400.014 -2648.71
70800 394.787 -2643.49
70900 414.291 -2662.99
71000 386.701 -2635.4
71100 398.368 -2647.07
71200 399.773 -2648.47
71300 391.903 -2640.6
71400 389.757 -2638.45
71500 400.269 -2648.97
71600 396.089 -2644.78
71700 386.529 -2635.23
71800 379.211 -2627.91
71900 388.863 -2637.55
72000 382.677 -2631.37
72100 395.466 -2644.16
72200 393.068 -2641.77
72300 409.953 -2658.67
72400 391.42 -2640.12
72500 397.291 -2645.99
72600 381.059 -2629.76
72700 375.259 -2623.95
72800 388.942 -2637.64
72900 413.293 -2662
73000 390.317 -2639.01
73100 399.428 -2648.13
73200 376.103 -2624.79
73300 375.53 -2624.23
73400 384.893 -2633.58
73500 403.533 -2652.24
73600 366.193 -2614.88
73700 405.399 -2654.1
73800 381.7 -2630.39
73900 377.638 -2626.34
74000 383.095 -2631.79
74100 380.911 -2629.6
74200 393.756 -2642.45
74300 391.907 -2640.6
74400 388.432 -2637.13
74500 396.614 -2645.32
74600 386.152 -2634.85
74700 386.276 -2634.97
74800 381.297 -2629.99
74900 377.441 -2626.13
75000 390.14 -2638.83
75100 389.149 -2637.84
75200 400.82 -2649.52
75300 390.629 -2639.33
75400 375.209 -2623.9
75500 391.75 -2640.45
75600 402.919 -2651.63
75700 373.421 -2622.12
75800 382.008 -2630.71
75900 383.681 -2632.37
76000 392.213 -2640.92
76100 391.061 -2639.76
76200 397.437 -2646.14
76300 399.426 -2648.13
76400 406.805 -2655.51
76500 403.705 -2652.4
76600 384.22 -2632.92
76700 382.019 -2630.71
76800 392.479 -2641.17
76900 397.48 -2646.18
77000 396.638 -2645.34
77100 408.507 -2657.22
77200 390.893 -2639.59
77300 396.854 -2645.55
77400 396.916 -2645.61
77500 365.465 -2614.14
77600 395.171 -2643.87
77700 391.84 -2640.53
77800 399.606 -2648.3
77900 398.373 -2647.07
78000 382.633 -2631.33
78100 401.292 -2649.99
78200 380.301 -2629
78300 391.55 -2640.23
78400 401.64 -2650.34
78500 390.129 -2638.83
78600 380.015 -2628.71
78700 385.181 -2633.87
78800 402.47 -2651.17
78900 397.913 -2646.61
79000 411.805 -2660.51
79100 370.833 -2619.52
79200 402.017 -2650.72
79300 378.878 -2627.58
79400 391.07 -2639.77
79500 414.473 -2663.18
79600 404.731 -2653.42
79700 386.505 -2635.2
79800 410.296 -2658.99
79900 404.367 -2653.06
80000 385.679 -2634.37
80100 385.307 -2634.01
80200 393.459 -2642.15
80300 391.695 -2640.38
80400 393.83 -2642.53
80500 362.57 -2611.27
80600 384.793 -2633.49
80700 387.201 -2635.9
80800 386.813 -2635.51
80900 387.164 -2635.86
81000 385.649 -2634.35
81100 375.855 -2624.55
81200 402.874 -2651.57
81300 384.594 -2633.29
81400 391.021 -2639.73
81500 391.557 -2640.25
81600 374.939 -2623.63
81700 424.946 -2673.64
81800 391.179 -2639.88
81900 406.212 -2654.92
82000 403.09 -2651.8
82100 396.506 -2645.2
82200 404.075 -2652.78
82300 378.14 -2626.83
82400 404.762 -2653.47
82500 383.959 -2632.66
82600 393.355 -2642.06
82700 393.33 -2642.04
82800 380.903 -2629.59
82900 387.045 -2635.74
83000 393.996 -2642.69
83100 380.732 -2629.42
83200 377.674 -2626.37
83300 387.27 -2635.97
83400 398.374 -2647.07
83500 405.321 -2654.02
83600 382.542 -2631.24
83700 399.953 -2648.65
83800 379.381 -2628.07
83900 367.961 -2616.64
84000 387.43 -2636.12
84100 376.379 -2625.07
84200 382.483 -2631.19
84300 386.825 -2635.53
84400 398.025 -2646.73
84500 396.748 -2645.44
84600 395.83 -2644.53
84700 394.622 -2643.32
84800 388.793 -2637.5
84900 400.642 -2649.34
85000 378.89 -2627.59
85100 407.066 -2655.77
85200 420.341 -2669.04
85300 408.755 -2657.45
85400 374.49 -2623.18
85500 421.125 -2669.84
85600 378.967 -2627.66
85700 412.864 -2661.56
85800 385.166 -2633.86
85900 395.33 -2644.03
86000 420.763 -2669.46
86100 387.483 -2636.18
86200 394.272 -2642.97
86300 372.872 -2621.56
86400 407.079 -2655.79
86500 390.064 -2638.76
86600 390.017 -2638.71
86700 390.703 -2639.4
86800 381.193 -2629.88
86900 382.073 -2630.76
87000 424.09 -2672.81
87100 382.455 -2631.15
87200 386.301 -2634.99
87300 413.456 -2662.16
87400 394.282 -2642.99
87500 394.746 -2643.44
87600 397.898 -2646.6
87700 397.475 -2646.18
87800 380.749 -2629.44
87900 395.322 -2644.02
88000 417.64 -2666.34
88100 382.988 -2631.69
88200 396.203 -2644.9
88300 408.449 -2657.16
88400 389.09 -2637.78
88500 389.457 -2638.15
88600 409.494 -2658.19
88700 384.802 -2633.49
88800 381.479 -2630.18
88900 389.17 -2637.87
89000 389.305 -2638.01
89100 385.607 -2634.3
89200 380.895 -2629.59
89300 375.965 -2624.66
89400 388.126 -2636.81
89500 400.727 -2649.42
89600 400.318 -2649.03
89700 379.361 -2628.06
89800 404.795 -2653.5
89900 410.02 -2658.72
90000 407.603 -2656.3
90100 387.385 -2636.08
90200 399.379 -2648.08
90300 377.5 -2626.19
90400 378.667 -2627.36
90500 385.209 -2633.9
90600 398.582 -2647.29
90700 386.363 -2635.06
90800 393.784 -2642.49
90900 392.804 -2641.51
91000 394.625 -2643.32
91100 390.933 -2639.62
91200 400.605 -2649.3
91300 393.012 -2641.7
91400 379.667 -2628.35
91500 396.6 -2645.3
91600 395.534 -2644.23
91700 384.882 -2633.58
91800 380.196 -2628.9
91900 377.218 -2625.92
92000 396.373 -2645.07
92100 389.13 -2637.82
92200 382.335 -2631.03
92300 393.078 -2641.78
92400 390.463 -2639.16
92500 380.9 -2629.6
92600 393.321 -2642.01
92700 385.669 -2634.36
92800 407.096 -2655.8
92900 394.241 -2642.94
93000 404.35 -2653.05
93100 372.903 -2621.6
93200 385.525 -2634.22
93300 404.431 -2653.13
93400 411.419 -2660.12
93500 390.446 -2639.15
93600 392.452 -2641.14
93700 399.017 -2647.72
93800 386.592 -2635.29
93900 399.076 -2647.78
94000 372.973 -2621.66
94100 404.202 -2652.91
94200 397.178 -2645.88
94300 388.239 -2636.94
94400 386.333 -2635.03
94500 377.383 -2626.08
94600 407.684 -2656.38
94700 418.44 -2667.15
94800 388.266 -2636.97
94900 375.997 -2624.69
95000 406.52 -2655.22
95100 389.388 -2638.08
95200 401.7 -2650.4
95300 384.582 -2633.27
95400 388.952 -2637.65
95500 408.1 -2656.8
95600 405.817 -2654.52
95700 380.787 -2629.47
95800 412.967 -2661.67
95900 397.102 -2645.8
96000 382.426 -2631.12
96100 400.801 -2649.51
96200 386.946 -2635.64
96300 397.545 -2646.25
96400 384.797 -2633.5
96500 383.597 -2632.29
96600 407.21 -2655.9
96700 401.84 -2650.54
96800 395.946 -2644.64
96900 362.064 -2610.76
97000 392.55 -2641.25
97100 386.698 -2635.39
97200 398.857 -2647.56
97300 400.784 -2649.48
97400 388.498 -2637.2
97500 407.188 -2655.9
97600 377.518 -2626.21
97700 383.277 -2631.97
97800 370.793 -2619.49
97900 383.386 -2632.08
98000 379.442 -2628.14
98100 397.232 -2645.93
98200 373.623 -2622.32
98300 384.097 -2632.79
98400 401.444 -2650.14
98500 408.003 -2656.72
98600 401.877 -2650.57
98700 402.015 -2650.71
98800 384.528 -2633.22
98900 392.093 -2640.79
99000 390.675 -2639.37
99100 394.806 -2643.5
99200 385.172 -2633.87
99300 389.887 -2638.58
99400 392.853 -2641.54
99500 388.499 -2637.2
99600 402.093 -2650.8
99700 388.799 -2637.49
99800 386.268 -2634.96
99900 401.58 -2650.27
100000 377.566 -2626.26
