2.24318658281  0.117100371747
2.2641509434  0.182156133829
2.28511530398  0.312267657993
2.32704402516  0.442379182156
2.32704402516  0.585501858736
2.34800838574  0.793680297398
2.36897274633  0.975836431227
2.38993710692  1.1970260223
2.41090146751  1.45724907063
2.43186582809  1.63940520446
2.43186582809  1.76951672862
2.43186582809  1.93866171004
2.45283018868  2.1468401487
2.47379454927  2.36802973978
2.49475890985  2.53717472119
2.51572327044  2.69330855019
2.51572327044  2.90148698885
2.5786163522  3.08364312268
2.64150943396  3.03159851301
2.66247379455  2.9405204461
2.68343815514  2.84944237918
2.72536687631  2.65427509294
2.72536687631  2.53717472119
2.7463312369  2.42007434944
2.76729559748  2.3029739777
2.78825995807  2.13382899628
2.80922431866  2.00371747212
2.83018867925  1.86059479554
2.85115303983  1.73048327138
2.87211740042  1.57434944238
2.89308176101  1.39219330855
2.93501048218  1.2750929368
2.95597484277  1.11895910781
2.99790356394  0.975836431227
3.03983228512  0.845724907063
3.0607966457  0.767657992565
3.12368972746  0.702602230483
3.20754716981  0.624535315985
3.24947589099  0.598513011152
3.43815513627  0.598513011152
3.56394129979  0.624535315985
3.68972746331  0.650557620818
3.79454926625  0.689591078067
3.94129979036  0.728624535316
4.04612159329  0.767657992565
4.06708595388  0.767657992565
4.1928721174  0.832713754647
4.27672955975  0.884758364312
4.3605870021  0.949814126394
4.44444444444  1.00185873606
4.52830188679  1.06691449814
4.63312368973  1.18401486989
4.69601677149  1.23605947955
4.8427672956  1.3531598513
5.03144654088  1.39219330855
5.11530398323  1.3531598513
5.24109014675  1.22304832714
5.36687631027  1.10594795539
5.49266247379  0.975836431227
5.57651991614  0.897769516729
5.72327044025  0.832713754647
5.82809224319  0.81970260223
5.93291404612  0.806691449814
6.05870020964  0.832713754647
6.24737945493  0.85873605948
6.41509433962  0.897769516729
6.58280922432  0.949814126394
6.72955974843  0.988847583643
6.96016771488  1.05390334572
7.14884696017  1.11895910781
7.2536687631  1.11895910781
7.50524109015  1.09293680297
7.65199161426  1.04089219331
7.79874213836  1.01486988848
7.94549266247  0.975836431227
8.05031446541  0.949814126394
8.15513626834  0.923791821561
8.25995807128  0.936802973978
8.3857442348  0.936802973978
8.57442348008  0.949814126394
8.78406708595  0.975836431227
8.97274633124  1.00185873606
9.16142557652  1.02788104089
9.30817610063  1.04089219331
9.45492662474  1.04089219331
9.53878406709  1.05390334572
