2.60777385159  0.0149253731343
2.67169453088  0.0746268656716
2.69329149306  0.149253731343
2.73648541744  0.298507462687
2.78007489056  0.522388059701
2.84541954538  0.850746268657
2.86828226359  1.16417910448
2.89138231106  1.5223880597
2.93497178419  1.74626865672
2.93600021096  1.94029850746
2.95823005116  2.13432835821
2.98077633036  2.38805970149
3.00340171932  2.65671641791
3.02578977902  2.88059701493
3.07017034967  3.25373134328
3.13527767523  3.53731343284
3.15600443015  3.44776119403
3.17657296556  3.32835820896
3.21731448763  3.01492537313
3.29436738569  1.55223880597
3.23384842572  2.13432835821
3.23574705975  2.49253731343
3.27514371605  1.92537313433
3.21596962186  2.76119402985
3.31454037234  1.35820895522
3.33415959074  1.05970149254
3.35425346764  0.850746268657
3.37418912505  0.611940298507
3.43692315806  0.44776119403
3.54221823743  0.313432835821
3.62702389114  0.313432835821
3.75470703022  0.402985074627
3.81862770951  0.462686567164
3.92518854491  0.567164179104
4.01046885713  0.65671641791
4.11718791203  0.791044776119
4.26646801329  0.955223880597
4.33046780233  1.02985074627
4.5220716207  1.17910447761
4.64959654027  1.23880597015
4.77712145984  1.29850746269
4.92561046358  1.31343283582
5.05281894415  1.31343283582
5.11626496493  1.28358208955
5.24331522599  1.25373134328
5.4126100944  1.19402985075
5.56062443964  1.11940298507
5.64511365434  1.05970149254
5.7295237593  0.985074626866
5.79289067032  0.940298507463
5.9406676863  0.820895522388
6.08868203154  0.746268656716
6.17332946575  0.716417910448
6.30061705606  0.731343283582
6.40670323295  0.746268656716
6.5130267391  0.805970149254
6.59799061231  0.835820895522
6.6617530721  0.865671641791
6.72567375138  0.925373134328
6.83183903803  0.955223880597
6.98064448078  1.02985074627
7.1082485101  1.10447761194
7.29921945045  1.13432835821
7.49011128105  1.14925373134
7.68084489215  1.13432835821
7.82901745689  1.08955223881
7.97719002162  1.0447761194
8.06183745583  1.01492537313
8.31593797795  0.955223880597
8.48539106587  0.925373134328
8.16768630347  0.985074626866
8.63380095986  0.925373134328
8.82469279046  0.940298507463
8.95205949053  0.970149253731
9.12182901746  1
9.29159854438  1.02985074627
9.39768472127  1.0447761194
9.54609461526  1.0447761194
