1.46750524109  0.318720397546
1.48846960168  1.09660687942
1.48846960168  1.71882910164
1.50943396226  2.34116002795
1.50943396226  2.91153039832
1.53039832285  3.7931205839
1.53039832285  4.51904650982
1.53039832285  5.1931205839
1.53039832285  5.60793539871
1.55136268344  6.69693299169
1.55136268344  7.68211817688
1.55136268344  8.51174780651
1.55136268344  9.49693299169
1.57232704403  10.482226881
1.57232704403  11.3118565106
1.59329140461  11.9341874369
1.59329140461  12.5564096591
1.6142557652  13.4379998447
1.63522012579  13.6973678081
1.63522012579  13.0751455858
1.65618448637  12.4530320677
1.65618448637  11.7789579936
1.65618448637  11.4159950307
1.65618448637  11.0011802159
1.65618448637  10.6900691047
1.67714884696  9.91240003106
1.67714884696  8.46054817921
1.69811320755  7.47547169811
1.69811320755  6.64584206848
1.71907756813  5.55706188369
1.74004192872  4.26087429148
1.74004192872  3.37939281
1.7819706499  2.34257318115
1.7819706499  1.82405466263
1.80293501048  1.46120040376
1.84486373166  1.09845484898
1.84486373166  0.735491886016
1.928721174  0.321111887569
2.01257861635  0.114139296529
2.15932914046  0.114900225173
2.36897274633  0.115987266092
2.47379454927  0.116530786552
2.7463312369  0.117943939747
2.87211740042  0.17044801615
3.03983228512  0.430576908145
3.16561844864  0.586784688252
3.31236897275  0.794953024303
3.43815513627  1.00301265626
3.5429769392  1.15911173228
3.7106918239  1.36738877242
3.79454926625  1.5752309962
3.92033542977  1.7314387763
4.00419287212  1.78372544452
4.15094339623  1.78448637317
4.21383647799  1.62925692989
4.33962264151  1.42250174703
4.40251572327  1.2154204519
4.50733752621  0.956704713099
4.71698113208  0.802236198463
4.8427672956  0.751036571162
4.98951781971  0.803649351658
5.1572327044  0.856370836245
5.28301886792  0.857023060797
5.38784067086  0.909418433108
5.49266247379  0.96181380542
5.72327044025  1.06671325413
5.99580712788  1.17183011103
6.14255765199  1.22444289153
6.2893081761  1.22520382017
6.37316561845  1.22563863654
6.54088050314  1.17465641742
6.66666666667  1.07160493827
6.81341719078  1.02051401506
6.98113207547  0.917679944095
7.12788259958  0.918440872739
7.37945492662  0.919745321842
7.56813417191  0.972575510521
7.7358490566  0.973445143256
7.94549266247  1.07823588788
8.13417190776  1.13106607656
8.28092243187  1.18367885705
8.51153039832  1.18487460207
8.61635220126  1.18541812253
8.80503144654  1.1345446075
8.93081761006  1.0833449802
9.22431865828  1.08486683749
9.45492662474  0.982358878795
