# Time-averaged data for fix dump_rdf_12
# TimeStep Number-of-rows
# Row c_calc_rdf_12[1] c_calc_rdf_12[2] c_calc_rdf_12[3]
20000 1000
1 0.00211268 0 0
2 0.00633803 0 0
3 0.0105634 0 0
4 0.0147887 0 0
5 0.0190141 0 0
6 0.0232394 0 0
7 0.0274648 0 0
8 0.0316901 0 0
9 0.0359155 0 0
10 0.0401408 0 0
11 0.0443662 0 0
12 0.0485915 0 0
13 0.0528169 0 0
14 0.0570423 0 0
15 0.0612676 0 0
16 0.065493 0 0
17 0.0697183 0 0
18 0.0739437 0 0
19 0.078169 0 0
20 0.0823944 0 0
21 0.0866197 0 0
22 0.0908451 0 0
23 0.0950704 0 0
24 0.0992958 0 0
25 0.103521 0 0
26 0.107746 0 0
27 0.111972 0 0
28 0.116197 0 0
29 0.120423 0 0
30 0.124648 0 0
31 0.128873 0 0
32 0.133099 0 0
33 0.137324 0 0
34 0.141549 0 0
35 0.145775 0 0
36 0.15 0 0
37 0.154225 0 0
38 0.158451 0 0
39 0.162676 0 0
40 0.166901 0 0
41 0.171127 0 0
42 0.175352 0 0
43 0.179577 0 0
44 0.183803 0 0
45 0.188028 0 0
46 0.192254 0 0
47 0.196479 0 0
48 0.200704 0 0
49 0.20493 0 0
50 0.209155 0 0
51 0.21338 0 0
52 0.217606 0 0
53 0.221831 0 0
54 0.226056 0 0
55 0.230282 0 0
56 0.234507 0 0
57 0.238732 0 0
58 0.242958 0 0
59 0.247183 0 0
60 0.251408 0 0
61 0.255634 0 0
62 0.259859 0 0
63 0.264085 0 0
64 0.26831 0 0
65 0.272535 0 0
66 0.276761 0 0
67 0.280986 0 0
68 0.285211 0 0
69 0.289437 0 0
70 0.293662 0 0
71 0.297887 0 0
72 0.302113 0 0
73 0.306338 0 0
74 0.310563 0 0
75 0.314789 0 0
76 0.319014 0 0
77 0.323239 0 0
78 0.327465 0 0
79 0.33169 0 0
80 0.335915 0 0
81 0.340141 0 0
82 0.344366 0 0
83 0.348592 0 0
84 0.352817 0 0
85 0.357042 0 0
86 0.361268 0 0
87 0.365493 0 0
88 0.369718 0 0
89 0.373944 0 0
90 0.378169 0 0
91 0.382394 0 0
92 0.38662 0 0
93 0.390845 0 0
94 0.39507 0 0
95 0.399296 0 0
96 0.403521 0 0
97 0.407746 0 0
98 0.411972 0 0
99 0.416197 0 0
100 0.420423 0 0
101 0.424648 0 0
102 0.428873 0 0
103 0.433099 0 0
104 0.437324 0 0
105 0.441549 0 0
106 0.445775 0 0
107 0.45 0 0
108 0.454225 0 0
109 0.458451 0 0
110 0.462676 0 0
111 0.466901 0 0
112 0.471127 0 0
113 0.475352 0 0
114 0.479577 0 0
115 0.483803 0 0
116 0.488028 0 0
117 0.492254 0 0
118 0.496479 0 0
119 0.500704 0 0
120 0.50493 0 0
121 0.509155 0.000376847 5.75758e-06
122 0.51338 0.00312142 5.42424e-05
123 0.517606 0.018424 0.000345152
124 0.521831 0.0959402 0.00188485
125 0.526056 0.326637 0.00721212
126 0.530282 0.918535 0.0224345
127 0.534507 2.02555 0.05654
128 0.538732 3.90395 0.123317
129 0.542958 6.53064 0.236782
130 0.547183 9.80858 0.409862
131 0.551408 12.8955 0.64094
132 0.555634 15.6844 0.926318
133 0.559859 17.4169 1.24806
134 0.564085 18.1678 1.58875
135 0.56831 17.8147 1.92785
136 0.572535 16.7736 2.25189
137 0.576761 15.0396 2.54674
138 0.580986 13.2009 2.80935
139 0.585211 11.0773 3.03293
140 0.589437 9.09991 3.21926
141 0.593662 7.23667 3.36957
142 0.597887 5.74744 3.49066
143 0.602113 4.52346 3.58731
144 0.606338 3.54953 3.66422
145 0.610563 2.74267 3.72447
146 0.614789 2.15121 3.77239
147 0.619014 1.66718 3.81004
148 0.623239 1.28719 3.83951
149 0.627465 1.00758 3.86289
150 0.63169 0.802797 3.88177
151 0.635915 0.629388 3.89677
152 0.640141 0.50149 3.90888
153 0.644366 0.411482 3.91895
154 0.648592 0.313893 3.92673
155 0.652817 0.25438 3.93312
156 0.657042 0.204859 3.93833
157 0.661268 0.167055 3.94264
158 0.665493 0.144554 3.94641
159 0.669718 0.110545 3.94933
160 0.673944 0.0950581 3.95187
161 0.678169 0.078505 3.954
162 0.682394 0.0610062 3.95568
163 0.68662 0.0583381 3.9573
164 0.690845 0.0474028 3.95863
165 0.69507 0.0422092 3.95983
166 0.699296 0.036864 3.9609
167 0.703521 0.0359446 3.96194
168 0.707746 0.0297786 3.96282
169 0.711972 0.0297407 3.96371
170 0.716197 0.0235968 3.96442
171 0.720423 0.0217159 3.96509
172 0.724648 0.0187609 3.96567
173 0.728873 0.0195506 3.96628
174 0.733099 0.019345 3.96689
175 0.737324 0.0134208 3.96732
176 0.741549 0.012408 3.96773
177 0.745775 0.0112694 3.9681
178 0.75 0.01064 3.96845
179 0.754225 0.00862301 3.96874
180 0.758451 0.00739202 3.96899
181 0.762676 0.00798215 3.96926
182 0.766901 0.00778953 3.96953
183 0.771127 0.00801569 3.96981
184 0.775352 0.0101096 3.97017
185 0.779577 0.00837586 3.97047
186 0.783803 0.00864568 3.97078
187 0.788028 0.0071125 3.97104
188 0.792254 0.00999411 3.97141
189 0.796479 0.0102612 3.9718
190 0.800704 0.00958377 3.97216
191 0.80493 0.00989609 3.97254
192 0.809155 0.0115443 3.97298
193 0.81338 0.0103133 3.97339
194 0.817606 0.00841477 3.97372
195 0.821831 0.00892227 3.97407
196 0.826056 0.00962996 3.97446
197 0.830282 0.00816725 3.97479
198 0.834507 0.00938422 3.97518
199 0.838732 0.00914373 3.97556
200 0.842958 0.0106587 3.976
201 0.847183 0.00972877 3.97641
202 0.851408 0.0115405 3.97691
203 0.855634 0.0100854 3.97734
204 0.859859 0.0082618 3.9777
205 0.864085 0.00849109 3.97808
206 0.86831 0.00889285 3.97847
207 0.872535 0.00878667 3.97886
208 0.876761 0.00949147 3.97929
209 0.880986 0.0102817 3.97976
210 0.885211 0.0104332 3.98025
211 0.889437 0.0110362 3.98076
212 0.893662 0.0131211 3.98138
213 0.897887 0.0123027 3.98196
214 0.902113 0.0147656 3.98267
215 0.906338 0.014672 3.98338
216 0.910563 0.0156338 3.98415
217 0.914789 0.014691 3.98487
218 0.919014 0.0200779 3.98587
219 0.923239 0.0212519 3.98694
220 0.927465 0.0216086 3.98803
221 0.93169 0.0238239 3.98925
222 0.935915 0.0269375 3.99064
223 0.940141 0.0280107 3.9921
224 0.944366 0.032494 3.99381
225 0.948592 0.0350794 3.99567
226 0.952817 0.0369098 3.99764
227 0.957042 0.0419569 3.99991
228 0.961268 0.0461573 4.00242
229 0.965493 0.0507792 4.00521
230 0.969718 0.0545917 4.00824
231 0.973944 0.0582929 4.0115
232 0.978169 0.065045 4.01516
233 0.982394 0.0672252 4.01899
234 0.98662 0.073565 4.02321
235 0.990845 0.0782337 4.02774
236 0.99507 0.087245 4.03283
237 0.999296 0.0949841 4.03842
238 1.00352 0.0968613 4.04417
239 1.00775 0.11088 4.0508
240 1.01197 0.125436 4.05837
241 1.0162 0.12794 4.06616
242 1.02042 0.137909 4.07462
243 1.02465 0.151902 4.08402
244 1.02887 0.160954 4.09406
245 1.0331 0.176897 4.10519
246 1.03732 0.185814 4.11697
247 1.04155 0.191679 4.12923
248 1.04577 0.204182 4.14239
249 1.05 0.220628 4.15672
250 1.05423 0.230734 4.17184
251 1.05845 0.247089 4.18815
252 1.06268 0.259388 4.20541
253 1.0669 0.268102 4.2234
254 1.07113 0.292235 4.24316
255 1.07535 0.303038 4.26381
256 1.07958 0.326293 4.28622
257 1.0838 0.343829 4.31003
258 1.08803 0.363411 4.33538
259 1.09225 0.384697 4.36243
260 1.09648 0.399289 4.39072
261 1.1007 0.406377 4.41974
262 1.10493 0.439157 4.45134
263 1.10915 0.449109 4.4839
264 1.11338 0.470133 4.51824
265 1.11761 0.489774 4.5543
266 1.12183 0.502209 4.59155
267 1.12606 0.530989 4.63123
268 1.13028 0.549243 4.67258
269 1.13451 0.571225 4.71591
270 1.13873 0.589556 4.76096
271 1.14296 0.611222 4.80802
272 1.14718 0.636476 4.85739
273 1.15141 0.663698 4.90924
274 1.15563 0.681488 4.96288
275 1.15986 0.696694 5.01812
276 1.16408 0.722145 5.07579
277 1.16831 0.740433 5.13535
278 1.17254 0.759509 5.19689
279 1.17676 0.786409 5.26107
280 1.18099 0.811044 5.32774
281 1.18521 0.838072 5.39712
282 1.18944 0.852663 5.46822
283 1.19366 0.874481 5.54165
284 1.19789 0.893134 5.61718
285 1.20211 0.913232 5.69495
286 1.20634 0.946153 5.7761
287 1.21056 0.972773 5.86012
288 1.21479 1.00482 5.94751
289 1.21901 1.02177 6.03699
290 1.22324 1.04965 6.12955
291 1.22746 1.05402 6.22315
292 1.23169 1.06294 6.31818
293 1.23592 1.09889 6.41711
294 1.24014 1.11386 6.51806
295 1.24437 1.14548 6.6226
296 1.24859 1.16602 6.72973
297 1.25282 1.18893 6.83971
298 1.25704 1.21366 6.95273
299 1.26127 1.23283 7.06831
300 1.26549 1.24075 7.18542
301 1.26972 1.25649 7.3048
302 1.27394 1.27807 7.42705
303 1.27817 1.30252 7.55246
304 1.28239 1.32038 7.68043
305 1.28662 1.34969 7.81211
306 1.29085 1.37525 7.94716
307 1.29507 1.40089 8.08563
308 1.2993 1.4163 8.22654
309 1.30352 1.44289 8.37103
310 1.30775 1.44926 8.5171
311 1.31197 1.46482 8.6657
312 1.3162 1.4964 8.81848
313 1.32042 1.50591 8.97322
314 1.32465 1.51617 9.13001
315 1.32887 1.52654 9.28888
316 1.3331 1.565 9.45279
317 1.33732 1.5852 9.61988
318 1.34155 1.60774 9.79041
319 1.34577 1.61597 9.96289
320 1.35 1.63741 10.1388
321 1.35423 1.6671 10.3189
322 1.35845 1.68548 10.5023
323 1.36268 1.69893 10.6882
324 1.3669 1.71066 10.8765
325 1.37113 1.72849 11.0681
326 1.37535 1.75784 11.264
327 1.37958 1.77177 11.4628
328 1.3838 1.79705 11.6656
329 1.38803 1.81395 11.8715
330 1.39225 1.81107 12.0784
331 1.39648 1.8328 12.2891
332 1.4007 1.84331 12.5022
333 1.40493 1.85802 12.7183
334 1.40915 1.86782 12.9369
335 1.41338 1.87945 13.1582
336 1.41761 1.87157 13.3799
337 1.42183 1.8873 13.6047
338 1.42606 1.88755 13.831
339 1.43028 1.9033 14.0604
340 1.43451 1.90609 14.2916
341 1.43873 1.89561 14.5228
342 1.44296 1.88148 14.7537
343 1.44718 1.88311 14.9861
344 1.45141 1.85236 15.2161
345 1.45563 1.83254 15.445
346 1.45986 1.7837 15.669
347 1.46408 1.77932 15.8938
348 1.46831 1.75571 16.1169
349 1.47254 1.72204 16.3369
350 1.47676 1.70647 16.5562
351 1.48099 1.67883 16.7733
352 1.48521 1.62962 16.9851
353 1.48944 1.58992 17.193
354 1.49366 1.56172 17.3983
355 1.49789 1.53121 17.6008
356 1.50211 1.47821 17.7974
357 1.50634 1.44626 17.9908
358 1.51056 1.41752 18.1814
359 1.51479 1.36097 18.3654
360 1.51901 1.32041 18.545
361 1.52324 1.28337 18.7205
362 1.52746 1.24839 18.8921
363 1.53169 1.22246 19.0612
364 1.53592 1.18333 19.2257
365 1.54014 1.14455 19.3857
366 1.54437 1.11625 19.5426
367 1.54859 1.08476 19.6959
368 1.55282 1.05318 19.8456
369 1.55704 1.02109 19.9915
370 1.56127 0.97985 20.1322
371 1.56549 0.945938 20.2689
372 1.56972 0.920905 20.4026
373 1.57394 0.89423 20.5331
374 1.57817 0.869932 20.6608
375 1.58239 0.842368 20.7851
376 1.58662 0.835618 20.9091
377 1.59085 0.813843 21.0305
378 1.59507 0.792122 21.1493
379 1.5993 0.781485 21.2671
380 1.60352 0.767188 21.3833
381 1.60775 0.753336 21.4981
382 1.61197 0.744787 21.6122
383 1.6162 0.735142 21.7253
384 1.62042 0.715644 21.8361
385 1.62465 0.712282 21.9469
386 1.62887 0.70559 22.0572
387 1.6331 0.689884 22.1656
388 1.63732 0.697075 22.2758
389 1.64155 0.693861 22.386
390 1.64577 0.68297 22.495
391 1.65 0.680437 22.6042
392 1.65423 0.67016 22.7122
393 1.65845 0.671623 22.8211
394 1.66268 0.676161 22.9313
395 1.6669 0.678101 23.0423
396 1.67113 0.676935 23.1537
397 1.67535 0.666016 23.2639
398 1.67958 0.665084 23.3745
399 1.6838 0.669008 23.4863
400 1.68803 0.66625 23.5981
401 1.69225 0.671908 23.7115
402 1.69648 0.679036 23.8267
403 1.7007 0.678144 23.9423
404 1.70493 0.680334 24.0589
405 1.70915 0.681136 24.1761
406 1.71338 0.691298 24.2957
407 1.71761 0.695059 24.4166
408 1.72183 0.692965 24.5377
409 1.72606 0.69765 24.6602
410 1.73028 0.699131 24.7835
411 1.73451 0.698525 24.9074
412 1.73873 0.70448 25.0329
413 1.74296 0.711391 25.1603
414 1.74718 0.718736 25.2896
415 1.75141 0.715804 25.419
416 1.75563 0.72197 25.5501
417 1.75986 0.722465 25.682
418 1.76408 0.717764 25.8136
419 1.76831 0.726871 25.9476
420 1.77254 0.73338 26.0834
421 1.77676 0.728117 26.2188
422 1.78099 0.733165 26.3559
423 1.78521 0.746562 26.4961
424 1.78944 0.749283 26.6375
425 1.79366 0.759077 26.7814
426 1.79789 0.768134 26.9278
427 1.80211 0.771787 27.0755
428 1.80634 0.767542 27.2231
429 1.81056 0.778619 27.3735
430 1.81479 0.785885 27.5261
431 1.81901 0.793217 27.6807
432 1.82324 0.791523 27.8358
433 1.82746 0.801225 27.9935
434 1.83169 0.807077 28.1531
435 1.83592 0.808756 28.3137
436 1.84014 0.816916 28.4768
437 1.84437 0.826215 28.6424
438 1.84859 0.830499 28.8097
439 1.85282 0.847589 28.9811
440 1.85704 0.842221 29.1523
441 1.86127 0.837223 29.3233
442 1.86549 0.855463 29.4987
443 1.86972 0.864123 29.6767
444 1.87394 0.875194 29.8579
445 1.87817 0.878786 30.0406
446 1.88239 0.87228 30.2227
447 1.88662 0.877842 30.4069
448 1.89085 0.884973 30.5933
449 1.89507 0.89222 30.7822
450 1.8993 0.901284 30.9738
451 1.90352 0.914335 31.169
452 1.90775 0.913353 31.365
453 1.91197 0.922251 31.5636
454 1.9162 0.939328 31.7669
455 1.92042 0.940417 31.9713
456 1.92465 0.950565 32.1788
457 1.92887 0.954138 32.3881
458 1.9331 0.963383 32.6002
459 1.93732 0.962958 32.8132
460 1.94155 0.972449 33.0293
461 1.94577 0.981307 33.2482
462 1.95 0.981332 33.4681
463 1.95423 0.980903 33.6889
464 1.95845 0.973813 33.909
465 1.96268 0.977995 34.1311
466 1.9669 0.98785 34.3563
467 1.97113 0.99678 34.5845
468 1.97535 1.00068 34.8147
469 1.97958 1.01131 35.0482
470 1.9838 1.01367 35.2833
471 1.98803 1.02202 35.5214
472 1.99225 1.02342 35.7608
473 1.99648 1.02774 36.0022
474 2.0007 1.02936 36.245
475 2.00493 1.03232 36.4896
476 2.00915 1.03999 36.737
477 2.01338 1.04665 36.9871
478 2.01761 1.05305 37.2397
479 2.02183 1.05684 37.4943
480 2.02606 1.06174 37.7512
481 2.03028 1.06491 38.0099
482 2.03451 1.06289 38.2692
483 2.03873 1.06591 38.5303
484 2.04296 1.06761 38.7929
485 2.04718 1.07352 39.058
486 2.05141 1.07202 39.3239
487 2.05563 1.07885 39.5926
488 2.05986 1.08563 39.864
489 2.06408 1.09033 40.1378
490 2.06831 1.09572 40.4141
491 2.07254 1.09779 40.692
492 2.07676 1.0974 40.9709
493 2.08099 1.11295 41.2549
494 2.08521 1.11728 41.5413
495 2.08944 1.12694 41.8312
496 2.09366 1.13251 42.1238
497 2.09789 1.13838 42.4191
498 2.10211 1.14613 42.7175
499 2.10634 1.15281 43.019
500 2.11056 1.14914 43.3206
501 2.11479 1.1593 43.6262
502 2.11901 1.16388 43.9342
503 2.12324 1.15519 44.2411
504 2.12746 1.15604 44.5495
505 2.13169 1.16083 44.8604
506 2.13592 1.1741 45.176
507 2.14014 1.168 45.4913
508 2.14437 1.16588 45.8073
509 2.14859 1.15536 46.1216
510 2.15282 1.17101 46.4415
511 2.15704 1.17049 46.7624
512 2.16127 1.17429 47.0857
513 2.16549 1.16927 47.4089
514 2.16972 1.1735 47.7344
515 2.17394 1.18612 48.0648
516 2.17817 1.17867 48.3944
517 2.18239 1.17871 48.7252
518 2.18662 1.18515 49.0592
519 2.19085 1.17701 49.3921
520 2.19507 1.18275 49.728
521 2.1993 1.18321 50.0653
522 2.20352 1.18281 50.4038
523 2.20775 1.18364 50.7438
524 2.21197 1.17844 51.0836
525 2.2162 1.1769 51.4243
526 2.22042 1.17109 51.7645
527 2.22465 1.16459 52.1042
528 2.22887 1.17119 52.4471
529 2.2331 1.16517 52.7895
530 2.23732 1.15888 53.1314
531 2.24155 1.16434 53.4762
532 2.24577 1.16442 53.8223
533 2.25 1.1614 54.1688
534 2.25423 1.1621 54.5169
535 2.25845 1.15039 54.8627
536 2.26268 1.15702 55.2118
537 2.2669 1.14655 55.559
538 2.27113 1.14273 55.9064
539 2.27535 1.14808 56.2567
540 2.27958 1.13953 56.6057
541 2.2838 1.13926 56.9559
542 2.28803 1.12877 57.3041
543 2.29225 1.12257 57.6518
544 2.29648 1.11878 57.9995
545 2.3007 1.10906 58.3455
546 2.30493 1.0979 58.6892
547 2.30915 1.08975 59.0317
548 2.31338 1.08801 59.3748
549 2.31761 1.07542 59.7153
550 2.32183 1.07151 60.0557
551 2.32606 1.06399 60.395
552 2.33028 1.05272 60.7319
553 2.33451 1.05324 61.0702
554 2.33873 1.0343 61.4036
555 2.34296 1.02666 61.7357
556 2.34718 1.03113 62.0705
557 2.35141 1.01555 62.4015
558 2.35563 1.01859 62.7346
559 2.35986 1.01148 63.0665
560 2.36408 0.995252 63.3943
561 2.36831 0.992211 63.7223
562 2.37254 0.98242 64.0482
563 2.37676 0.970968 64.3715
564 2.38099 0.958303 64.6917
565 2.38521 0.953361 65.0113
566 2.38944 0.948166 65.3304
567 2.39366 0.939425 65.6476
568 2.39789 0.931908 65.9634
569 2.40211 0.926205 66.2784
570 2.40634 0.917654 66.5915
571 2.41056 0.911178 66.9036
572 2.41479 0.899456 67.2127
573 2.41901 0.89393 67.5209
574 2.42324 0.897284 67.8315
575 2.42746 0.886674 68.1394
576 2.43169 0.883472 68.4473
577 2.43592 0.876035 68.7536
578 2.44014 0.871276 69.0594
579 2.44437 0.870184 69.3658
580 2.44859 0.868147 69.6725
581 2.45282 0.87018 69.9811
582 2.45704 0.867081 70.2896
583 2.46127 0.863052 70.5977
584 2.46549 0.851624 70.9028
585 2.46972 0.850529 71.2085
586 2.47394 0.844175 71.513
587 2.47817 0.845984 71.8192
588 2.48239 0.847759 72.1271
589 2.48662 0.838924 72.4328
590 2.49085 0.83577 72.7384
591 2.49507 0.840905 73.047
592 2.4993 0.838768 73.3557
593 2.50352 0.836581 73.6648
594 2.50775 0.83131 73.9729
595 2.51197 0.829341 74.2813
596 2.5162 0.82845 74.5904
597 2.52042 0.831254 74.9016
598 2.52465 0.833539 75.2147
599 2.52887 0.829522 75.5274
600 2.5331 0.833202 75.8425
601 2.53732 0.832947 76.1585
602 2.54155 0.82989 76.4744
603 2.54577 0.828322 76.7908
604 2.55 0.832013 77.1097
605 2.55423 0.834895 77.4307
606 2.55845 0.833608 77.7522
607 2.56268 0.836832 78.0761
608 2.5669 0.840707 78.4026
609 2.57113 0.845398 78.732
610 2.57535 0.853442 79.0656
611 2.57958 0.855633 79.4011
612 2.5838 0.85449 79.7373
613 2.58803 0.857697 80.0759
614 2.59225 0.869876 80.4204
615 2.59648 0.864118 80.7637
616 2.6007 0.857246 81.1054
617 2.60493 0.869251 81.453
618 2.60915 0.87724 81.805
619 2.61338 0.878931 82.1588
620 2.61761 0.886316 82.5167
621 2.62183 0.884589 82.875
622 2.62606 0.890695 83.237
623 2.63028 0.896505 83.6026
624 2.63451 0.899736 83.9706
625 2.63873 0.908763 84.3435
626 2.64296 0.914817 84.7201
627 2.64718 0.918612 85.0995
628 2.65141 0.923928 85.4823
629 2.65563 0.921783 85.8654
630 2.65986 0.930742 86.2535
631 2.66408 0.931937 86.6433
632 2.66831 0.940122 87.0378
633 2.67254 0.942059 87.4344
634 2.67676 0.94394 87.833
635 2.68099 0.945025 88.2333
636 2.68521 0.950378 88.6371
637 2.68944 0.96349 89.0478
638 2.69366 0.958459 89.4577
639 2.69789 0.965929 89.8721
640 2.70211 0.966345 90.2879
641 2.70634 0.975082 90.7088
642 2.71056 0.976721 91.1317
643 2.71479 0.981603 91.5581
644 2.71901 0.98541 91.9874
645 2.72324 0.987704 92.4191
646 2.72746 0.992854 92.8544
647 2.73169 0.991473 93.2904
648 2.73592 0.994374 93.7291
649 2.74014 0.996394 94.17
650 2.74437 0.997188 94.6126
651 2.74859 1.00237 95.0589
652 2.75282 1.0048 95.5077
653 2.75704 1.00889 95.9596
654 2.76127 1.00997 96.4135
655 2.76549 1.00566 96.8667
656 2.76972 1.01762 97.3268
657 2.77394 1.01629 97.7877
658 2.77817 1.0184 98.2509
659 2.78239 1.02783 98.7199
660 2.78662 1.037 99.1945
661 2.79085 1.0454 99.6743
662 2.79507 1.05008 100.158
663 2.7993 1.05114 100.643
664 2.80352 1.04427 101.127
665 2.80775 1.04538 101.613
666 2.81197 1.05168 102.103
667 2.8162 1.06005 102.598
668 2.82042 1.05602 103.093
669 2.82465 1.06054 103.592
670 2.82887 1.06758 104.096
671 2.8331 1.06314 104.598
672 2.83732 1.07262 105.107
673 2.84155 1.06959 105.616
674 2.84577 1.0745 106.129
675 2.85 1.07944 106.646
676 2.85423 1.08295 107.166
677 2.85845 1.08452 107.688
678 2.86268 1.08853 108.214
679 2.8669 1.09096 108.742
680 2.87113 1.08933 109.271
681 2.87535 1.09063 109.803
682 2.87958 1.09679 110.339
683 2.8838 1.10106 110.879
684 2.88803 1.10359 111.421
685 2.89225 1.09779 111.962
686 2.89648 1.09683 112.505
687 2.9007 1.10573 113.053
688 2.90493 1.09914 113.599
689 2.90915 1.09969 114.148
690 2.91338 1.09628 114.696
691 2.91761 1.10385 115.25
692 2.92183 1.0975 115.802
693 2.92606 1.10111 116.358
694 2.93028 1.10027 116.915
695 2.93451 1.10508 117.476
696 2.93873 1.10824 118.04
697 2.94296 1.10692 118.605
698 2.94718 1.10733 119.171
699 2.95141 1.10936 119.741
700 2.95563 1.0982 120.306
701 2.95986 1.10691 120.878
702 2.96408 1.10533 121.45
703 2.96831 1.10971 122.026
704 2.97254 1.10435 122.602
705 2.97676 1.10204 123.177
706 2.98099 1.1098 123.758
707 2.98521 1.10646 124.339
708 2.98944 1.10048 124.919
709 2.99366 1.09969 125.5
710 2.99789 1.09218 126.078
711 3.00211 1.09111 126.658
712 3.00634 1.08631 127.236
713 3.01056 1.08807 127.818
714 3.01479 1.09147 128.402
715 3.01901 1.09171 128.989
716 3.02324 1.09351 129.578
717 3.02746 1.09341 130.168
718 3.03169 1.08721 130.757
719 3.03592 1.08307 131.346
720 3.04014 1.07938 131.934
721 3.04437 1.07904 132.523
722 3.04859 1.0755 133.112
723 3.05282 1.07052 133.7
724 3.05704 1.06908 134.289
725 3.06127 1.06358 134.876
726 3.06549 1.05817 135.462
727 3.06972 1.06218 136.052
728 3.07394 1.06058 136.643
729 3.07817 1.06402 137.237
730 3.08239 1.05625 137.828
731 3.08662 1.05017 138.418
732 3.09085 1.04619 139.007
733 3.09507 1.03747 139.593
734 3.0993 1.04043 140.182
735 3.10352 1.04085 140.773
736 3.10775 1.03467 141.362
737 3.11197 1.03346 141.951
738 3.1162 1.03106 142.542
739 3.12042 1.03015 143.133
740 3.12465 1.02748 143.724
741 3.12887 1.02979 144.318
742 3.1331 1.02199 144.909
743 3.13732 1.02253 145.502
744 3.14155 1.018 146.095
745 3.14577 1.01123 146.684
746 3.15 1.01228 147.276
747 3.15423 1.00485 147.865
748 3.15845 1.00253 148.455
749 3.16268 1.00277 149.046
750 3.1669 0.998028 149.636
751 3.17113 0.994627 150.225
752 3.17535 0.990463 150.814
753 3.17958 0.989079 151.403
754 3.1838 0.990537 151.995
755 3.18803 0.983878 152.584
756 3.19225 0.981556 153.174
757 3.19648 0.980547 153.764
758 3.2007 0.98089 154.357
759 3.20493 0.979574 154.95
760 3.20915 0.972279 155.54
761 3.21338 0.972092 156.131
762 3.21761 0.970218 156.723
763 3.22183 0.964275 157.313
764 3.22606 0.963389 157.904
765 3.23028 0.960526 158.495
766 3.23451 0.961921 159.088
767 3.23873 0.960157 159.681
768 3.24296 0.95541 160.274
769 3.24718 0.952735 160.866
770 3.25141 0.948505 161.457
771 3.25563 0.944073 162.046
772 3.25986 0.945051 162.638
773 3.26408 0.937354 163.227
774 3.26831 0.933778 163.815
775 3.27254 0.932605 164.403
776 3.27676 0.931525 164.993
777 3.28099 0.928788 165.582
778 3.28521 0.931245 166.174
779 3.28944 0.934423 166.77
780 3.29366 0.932467 167.366
781 3.29789 0.932912 167.964
782 3.30211 0.927632 168.56
783 3.30634 0.930743 169.16
784 3.31056 0.930654 169.761
785 3.31479 0.925773 170.361
786 3.31901 0.923322 170.96
787 3.32324 0.921576 171.56
788 3.32746 0.923373 172.162
789 3.33169 0.922925 172.766
790 3.33592 0.924187 173.372
791 3.34014 0.928963 173.983
792 3.34437 0.930342 174.596
793 3.34859 0.927006 175.209
794 3.35282 0.923032 175.82
795 3.35704 0.931304 176.439
796 3.36127 0.930341 177.058
797 3.36549 0.930017 177.679
798 3.36972 0.924527 178.298
799 3.37394 0.92616 178.919
800 3.37817 0.926928 179.543
801 3.38239 0.926544 180.167
802 3.38662 0.927236 180.794
803 3.39085 0.93092 181.425
804 3.39507 0.927533 182.055
805 3.3993 0.927995 182.687
806 3.40352 0.92892 183.321
807 3.40775 0.93113 183.959
808 3.41197 0.932696 184.598
809 3.4162 0.934047 185.241
810 3.42042 0.940213 185.889
811 3.42465 0.942587 186.541
812 3.42887 0.942154 187.194
813 3.4331 0.941887 187.848
814 3.43732 0.943691 188.505
815 3.44155 0.94781 189.166
816 3.44577 0.948272 189.83
817 3.45 0.950222 190.497
818 3.45423 0.950952 191.165
819 3.45845 0.954649 191.838
820 3.46268 0.953512 192.512
821 3.4669 0.954858 193.188
822 3.47113 0.956866 193.868
823 3.47535 0.956343 194.549
824 3.47958 0.959212 195.233
825 3.4838 0.961243 195.921
826 3.48803 0.964308 196.612
827 3.49225 0.966217 197.307
828 3.49648 0.967083 198.003
829 3.5007 0.972666 198.706
830 3.50493 0.966714 199.406
831 3.50915 0.9731 200.112
832 3.51338 0.970468 200.818
833 3.51761 0.970076 201.525
834 3.52183 0.973997 202.237
835 3.52606 0.978789 202.955
836 3.53028 0.977338 203.672
837 3.53451 0.984248 204.397
838 3.53873 0.989594 205.127
839 3.54296 0.991757 205.861
840 3.54718 0.992484 206.597
841 3.55141 0.99096 207.334
842 3.55563 0.995659 208.075
843 3.55986 0.995605 208.819
844 3.56408 0.998691 209.567
845 3.56831 0.998531 210.316
846 3.57254 1.00508 211.072
847 3.57676 1.00595 211.83
848 3.58099 1.00588 212.591
849 3.58521 1.00484 213.352
850 3.58944 1.00291 214.113
851 3.59366 1.0009 214.875
852 3.59789 1.00474 215.642
853 3.60211 1.01018 216.414
854 3.60634 1.00814 217.187
855 3.61056 1.016 217.967
856 3.61479 1.01817 218.752
857 3.61901 1.01785 219.537
858 3.62324 1.01672 220.324
859 3.62746 1.02072 221.115
860 3.63169 1.0256 221.913
861 3.63592 1.02388 222.71
862 3.64014 1.02529 223.511
863 3.64437 1.02165 224.311
864 3.64859 1.02916 225.118
865 3.65282 1.02914 225.927
866 3.65704 1.02983 226.739
867 3.66127 1.02914 227.552
868 3.66549 1.03151 228.369
869 3.66972 1.03575 229.191
870 3.67394 1.03448 230.014
871 3.67817 1.03541 230.839
872 3.68239 1.04062 231.671
873 3.68662 1.04102 232.505
874 3.69085 1.04258 233.342
875 3.69507 1.0401 234.179
876 3.6993 1.04015 235.018
877 3.70352 1.03839 235.857
878 3.70775 1.03765 236.698
879 3.71197 1.04031 237.543
880 3.7162 1.04112 238.39
881 3.72042 1.0411 239.239
882 3.72465 1.04333 240.092
883 3.72887 1.04375 240.948
884 3.7331 1.04262 241.804
885 3.73732 1.04061 242.661
886 3.74155 1.04045 243.519
887 3.74577 1.04228 244.381
888 3.75 1.03719 245.24
889 3.75423 1.03862 246.103
890 3.75845 1.04237 246.971
891 3.76268 1.0396 247.838
892 3.7669 1.03877 248.707
893 3.77113 1.04048 249.579
894 3.77535 1.04219 250.455
895 3.77958 1.0455 251.335
896 3.7838 1.0443 252.216
897 3.78803 1.04235 253.097
898 3.79225 1.04312 253.982
899 3.79648 1.04522 254.869
900 3.8007 1.04433 255.758
901 3.80493 1.04334 256.649
902 3.80915 1.04328 257.541
903 3.81338 1.04267 258.434
904 3.81761 1.03962 259.327
905 3.82183 1.04148 260.224
906 3.82606 1.03765 261.119
907 3.83028 1.03983 262.018
908 3.83451 1.04057 262.92
909 3.83873 1.0458 263.828
910 3.84296 1.04198 264.735
911 3.84718 1.04295 265.645
912 3.85141 1.03865 266.553
913 3.85563 1.03541 267.46
914 3.85986 1.03927 268.372
915 3.86408 1.0399 269.287
916 3.86831 1.03795 270.203
917 3.87254 1.03611 271.119
918 3.87676 1.03233 272.033
919 3.88099 1.03176 272.949
920 3.88521 1.02842 273.864
921 3.88944 1.02713 274.779
922 3.89366 1.02517 275.695
923 3.89789 1.02508 276.613
924 3.90211 1.02813 277.536
925 3.90634 1.02481 278.458
926 3.91056 1.02642 279.383
927 3.91479 1.02579 280.309
928 3.91901 1.02103 281.233
929 3.92324 1.0206 282.159
930 3.92746 1.02614 283.092
931 3.93169 1.02133 284.022
932 3.93592 1.02262 284.956
933 3.94014 1.02334 285.892
934 3.94437 1.01624 286.824
935 3.94859 1.01288 287.755
936 3.95282 1.01384 288.688
937 3.95704 1.01349 289.624
938 3.96127 1.01446 290.562
939 3.96549 1.01223 291.5
940 3.96972 1.01218 292.44
941 3.97394 1.01011 293.38
942 3.97817 1.00884 294.321
943 3.98239 1.0058 295.261
944 3.98662 1.00945 296.207
945 3.99085 1.00589 297.151
946 3.99507 1.00149 298.093
947 3.9993 0.99817 299.034
948 4.00352 0.997746 299.976
949 4.00775 0.995065 300.918
950 4.01197 0.996627 301.864
951 4.0162 0.996208 302.811
952 4.02042 0.998711 303.762
953 4.02465 0.99436 304.711
954 4.02887 0.996616 305.665
955 4.0331 0.987762 306.612
956 4.03732 0.993185 307.566
957 4.04155 0.994936 308.523
958 4.04577 0.993264 309.482
959 4.05 0.989761 310.438
960 4.05423 0.987643 311.395
961 4.05845 0.98716 312.353
962 4.06268 0.985839 313.312
963 4.0669 0.978866 314.266
964 4.07113 0.979209 315.223
965 4.07535 0.983846 316.186
966 4.07958 0.979643 317.147
967 4.0838 0.97954 318.11
968 4.08803 0.97856 319.073
969 4.09225 0.976008 320.037
970 4.09648 0.973851 321
971 4.1007 0.973546 321.965
972 4.10493 0.975593 322.933
973 4.10915 0.97364 323.902
974 4.11338 0.975522 324.875
975 4.11761 0.976777 325.851
976 4.12183 0.969363 326.822
977 4.12606 0.971021 327.796
978 4.13028 0.969729 328.771
979 4.13451 0.970941 329.749
980 4.13873 0.97159 330.73
981 4.14296 0.970343 331.712
982 4.14718 0.96851 332.693
983 4.15141 0.965804 333.674
984 4.15563 0.965564 334.657
985 4.15986 0.966401 335.642
986 4.16408 0.962888 336.626
987 4.16831 0.960599 337.61
988 4.17254 0.960248 338.595
989 4.17676 0.956386 339.579
990 4.18099 0.958674 340.566
991 4.18521 0.957335 341.555
992 4.18944 0.958192 342.546
993 4.19366 0.958951 343.54
994 4.19789 0.958552 344.535
995 4.20211 0.958059 345.532
996 4.20634 0.958859 346.532
997 4.21056 0.957964 347.533
998 4.21479 0.955985 348.534
999 4.21901 0.956688 349.537
1000 4.22324 0.955534 350.542
