# Time-averaged data for fix dump_rdf_all
# TimeStep Number-of-rows
# Row c_calc_rdf_all[1] c_calc_rdf_all[2] c_calc_rdf_all[3]
20000 1000
1 0.00211268 0 0
2 0.00633803 0 0
3 0.0105634 0 0
4 0.0147887 0 0
5 0.0190141 0 0
6 0.0232394 0 0
7 0.0274648 0 0
8 0.0316901 0 0
9 0.0359155 0 0
10 0.0401408 0 0
11 0.0443662 0 0
12 0.0485915 0 0
13 0.0528169 0 0
14 0.0570423 0 0
15 0.0612676 0 0
16 0.065493 0 0
17 0.0697183 0 0
18 0.0739437 0 0
19 0.078169 0 0
20 0.0823944 0 0
21 0.0866197 0 0
22 0.0908451 0 0
23 0.0950704 0 0
24 0.0992958 0 0
25 0.103521 0 0
26 0.107746 0 0
27 0.111972 0 0
28 0.116197 0 0
29 0.120423 0 0
30 0.124648 0 0
31 0.128873 0 0
32 0.133099 0 0
33 0.137324 0 0
34 0.141549 0 0
35 0.145775 0 0
36 0.15 0 0
37 0.154225 0 0
38 0.158451 0 0
39 0.162676 0 0
40 0.166901 0 0
41 0.171127 0 0
42 0.175352 0 0
43 0.179577 0 0
44 0.183803 0 0
45 0.188028 0 0
46 0.192254 0 0
47 0.196479 0 0
48 0.200704 0 0
49 0.20493 0 0
50 0.209155 0 0
51 0.21338 0 0
52 0.217606 0 0
53 0.221831 0 0
54 0.226056 0 0
55 0.230282 0 0
56 0.234507 0 0
57 0.238732 0 0
58 0.242958 0 0
59 0.247183 0 0
60 0.251408 0 0
61 0.255634 0 0
62 0.259859 0 0
63 0.264085 0 0
64 0.26831 0 0
65 0.272535 0 0
66 0.276761 0 0
67 0.280986 0 0
68 0.285211 0 0
69 0.289437 0 0
70 0.293662 0 0
71 0.297887 0 0
72 0.302113 0 0
73 0.306338 0 0
74 0.310563 0 0
75 0.314789 0 0
76 0.319014 0 0
77 0.323239 0 0
78 0.327465 0 0
79 0.33169 0 0
80 0.335915 0 0
81 0.340141 0 0
82 0.344366 0 0
83 0.348592 0 0
84 0.352817 0 0
85 0.357042 0 0
86 0.361268 0 0
87 0.365493 0 0
88 0.369718 0 0
89 0.373944 0 0
90 0.378169 0 0
91 0.382394 0 0
92 0.38662 0 0
93 0.390845 0 0
94 0.39507 0 0
95 0.399296 0 0
96 0.403521 0 0
97 0.407746 0 0
98 0.411972 0 0
99 0.416197 0 0
100 0.420423 0 0
101 0.424648 0 0
102 0.428873 0 0
103 0.433099 0 0
104 0.437324 0 0
105 0.441549 0 0
106 0.445775 0 0
107 0.45 0 0
108 0.454225 0 0
109 0.458451 0 0
110 0.462676 0 0
111 0.466901 0 0
112 0.471127 0 0
113 0.475352 0 0
114 0.479577 0 0
115 0.483803 0 0
116 0.488028 0 0
117 0.492254 0 0
118 0.496479 0 0
119 0.500704 0 0
120 0.50493 0 0
121 0.509155 0.000166806 3.79242e-06
122 0.51338 0.00138165 3.57285e-05
123 0.517606 0.00815511 0.000227345
124 0.521831 0.0424665 0.00124152
125 0.526056 0.144581 0.0047505
126 0.530282 0.406576 0.0147772
127 0.534507 0.896578 0.0372419
128 0.538732 1.72802 0.0812265
129 0.542958 2.89069 0.155964
130 0.547183 4.34162 0.269969
131 0.551408 5.708 0.422176
132 0.555634 6.94247 0.61015
133 0.559859 7.70931 0.822073
134 0.564085 8.04169 1.04648
135 0.56831 7.8854 1.26984
136 0.572535 7.42458 1.48328
137 0.576761 6.65705 1.67749
138 0.580986 5.84316 1.85047
139 0.585211 4.90321 1.99774
140 0.589437 4.02794 2.12047
141 0.593662 3.2032 2.21948
142 0.597887 2.54402 2.29924
143 0.602113 2.00224 2.3629
144 0.606338 1.57114 2.41356
145 0.610563 1.214 2.45325
146 0.614789 0.9522 2.48481
147 0.619014 0.737953 2.50961
148 0.623239 0.569755 2.52902
149 0.627465 0.445991 2.54442
150 0.63169 0.355346 2.55685
151 0.635915 0.278589 2.56673
152 0.640141 0.221977 2.57471
153 0.644366 0.182136 2.58134
154 0.648592 0.13894 2.58647
155 0.652817 0.112597 2.59068
156 0.657042 0.0906775 2.59411
157 0.661268 0.0739445 2.59695
158 0.665493 0.0639845 2.59943
159 0.669718 0.0489312 2.60136
160 0.673944 0.042076 2.60303
161 0.678169 0.034749 2.60443
162 0.682394 0.0270035 2.60554
163 0.68662 0.0258225 2.6066
164 0.690845 0.0209821 2.60748
165 0.69507 0.0186833 2.60827
166 0.699296 0.0163173 2.60897
167 0.703521 0.0159103 2.60966
168 0.707746 0.0131811 2.61024
169 0.711972 0.0131643 2.61083
170 0.716197 0.0104448 2.6113
171 0.720423 0.00961223 2.61174
172 0.724648 0.00830423 2.61212
173 0.728873 0.00865377 2.61252
174 0.733099 0.00856277 2.61292
175 0.737324 0.00594051 2.61321
176 0.741549 0.00549223 2.61347
177 0.745775 0.00498823 2.61372
178 0.75 0.00470965 2.61395
179 0.754225 0.00381684 2.61414
180 0.758451 0.00327197 2.6143
181 0.762676 0.00365056 2.61449
182 0.766901 0.00384263 2.61469
183 0.771127 0.00443598 2.61492
184 0.775352 0.00620496 2.61525
185 0.779577 0.00801407 2.61567
186 0.783803 0.0114992 2.61629
187 0.788028 0.0157375 2.61715
188 0.792254 0.0217162 2.61835
189 0.796479 0.0324359 2.62015
190 0.800704 0.0450551 2.62268
191 0.80493 0.0658704 2.62643
192 0.809155 0.0965632 2.63197
193 0.81338 0.12181 2.63904
194 0.817606 0.158152 2.64831
195 0.821831 0.208963 2.66069
196 0.826056 0.263458 2.67646
197 0.830282 0.321652 2.6959
198 0.834507 0.397446 2.72018
199 0.838732 0.47466 2.74946
200 0.842958 0.562408 2.78451
201 0.847183 0.654265 2.82569
202 0.851408 0.754793 2.87368
203 0.855634 0.848651 2.92816
204 0.859859 0.930407 2.98849
205 0.864085 1.03501 3.05627
206 0.86831 1.13035 3.13101
207 0.872535 1.22127 3.21255
208 0.876761 1.30397 3.30046
209 0.880986 1.37155 3.39382
210 0.885211 1.43204 3.49223
211 0.889437 1.50643 3.59675
212 0.893662 1.54298 3.70482
213 0.897887 1.60185 3.81808
214 0.902113 1.63377 3.93468
215 0.906338 1.64642 4.05329
216 0.910563 1.6641 4.1743
217 0.914789 1.6628 4.29633
218 0.919014 1.65067 4.4186
219 0.923239 1.63098 4.54052
220 0.927465 1.60986 4.66197
221 0.93169 1.57553 4.78191
222 0.935915 1.53848 4.9001
223 0.940141 1.50028 5.0164
224 0.944366 1.45061 5.12985
225 0.948592 1.41591 5.24159
226 0.952817 1.35907 5.3498
227 0.957042 1.31217 5.4552
228 0.961268 1.25547 5.55694
229 0.965493 1.21231 5.65605
230 0.969718 1.14424 5.75042
231 0.973944 1.10565 5.8424
232 0.978169 1.05592 5.93101
233 0.982394 1.01217 6.01668
234 0.98662 0.973487 6.09978
235 0.990845 0.928171 6.1797
236 0.99507 0.89184 6.25715
237 0.999296 0.872734 6.33358
238 1.00352 0.835605 6.40738
239 1.00775 0.821517 6.48055
240 1.01197 0.800508 6.55244
241 1.0162 0.782316 6.62329
242 1.02042 0.771278 6.69372
243 1.02465 0.757854 6.76351
244 1.02887 0.757035 6.83379
245 1.0331 0.755034 6.90446
246 1.03732 0.756859 6.97589
247 1.04155 0.750292 7.04727
248 1.04577 0.758998 7.12007
249 1.05 0.76124 7.19367
250 1.05423 0.761496 7.26789
251 1.05845 0.778545 7.34439
252 1.06268 0.785813 7.42221
253 1.0669 0.783506 7.50043
254 1.07113 0.806523 7.58158
255 1.07535 0.820563 7.6648
256 1.07958 0.836606 7.75031
257 1.0838 0.851389 7.83802
258 1.08803 0.856705 7.92696
259 1.09225 0.864842 8.01745
260 1.09648 0.864756 8.10863
261 1.1007 0.863219 8.20035
262 1.10493 0.87249 8.29377
263 1.10915 0.873076 8.38797
264 1.11338 0.865004 8.48201
265 1.11761 0.849988 8.57512
266 1.12183 0.832828 8.66704
267 1.12606 0.814838 8.75765
268 1.13028 0.792152 8.8464
269 1.13451 0.767178 8.933
270 1.13873 0.749962 9.01829
271 1.14296 0.730416 9.10197
272 1.14718 0.715055 9.1845
273 1.15141 0.70119 9.26603
274 1.15563 0.680454 9.34573
275 1.15986 0.67099 9.42489
276 1.16408 0.661278 9.50348
277 1.16831 0.652026 9.58153
278 1.17254 0.653172 9.66029
279 1.17676 0.65457 9.73978
280 1.18099 0.654491 9.81984
281 1.18521 0.65607 9.90066
282 1.18944 0.658174 9.98233
283 1.19366 0.659485 10.0647
284 1.19789 0.665095 10.1484
285 1.20211 0.673319 10.2338
286 1.20634 0.684422 10.3211
287 1.21056 0.697536 10.4108
288 1.21479 0.711285 10.5028
289 1.21901 0.719181 10.5965
290 1.22324 0.730032 10.6923
291 1.22746 0.736442 10.7897
292 1.23169 0.741287 10.8883
293 1.23592 0.757854 10.9898
294 1.24014 0.765668 11.0931
295 1.24437 0.780389 11.1991
296 1.24859 0.789321 11.307
297 1.25282 0.800632 11.4172
298 1.25704 0.817504 11.5305
299 1.26127 0.8315 11.6465
300 1.26549 0.834092 11.7636
301 1.26972 0.842276 11.8827
302 1.27394 0.855963 12.0045
303 1.27817 0.872065 12.1295
304 1.28239 0.881344 12.2566
305 1.28662 0.895886 12.3867
306 1.29085 0.912297 12.52
307 1.29507 0.925494 12.6561
308 1.2993 0.935831 12.7947
309 1.30352 0.951399 12.9365
310 1.30775 0.962307 13.0808
311 1.31197 0.968971 13.2271
312 1.3162 0.985478 13.3768
313 1.32042 0.99544 13.529
314 1.32465 1.00648 13.6839
315 1.32887 1.01138 13.8405
316 1.3331 1.03212 14.0014
317 1.33732 1.04937 14.166
318 1.34155 1.06175 14.3336
319 1.34577 1.06672 14.503
320 1.35 1.08169 14.6759
321 1.35423 1.10102 14.853
322 1.35845 1.10926 15.0325
323 1.36268 1.12338 15.2154
324 1.3669 1.12733 15.4002
325 1.37113 1.14473 15.5889
326 1.37535 1.16315 15.7819
327 1.37958 1.1709 15.9773
328 1.3838 1.18585 16.1764
329 1.38803 1.19522 16.3784
330 1.39225 1.19898 16.5822
331 1.39648 1.21432 16.7899
332 1.4007 1.22445 17.0006
333 1.40493 1.2323 17.2139
334 1.40915 1.24061 17.43
335 1.41338 1.24699 17.6484
336 1.41761 1.25022 17.8688
337 1.42183 1.26029 18.0922
338 1.42606 1.2686 18.3185
339 1.43028 1.27896 18.5479
340 1.43451 1.28345 18.7796
341 1.43873 1.27378 19.0108
342 1.44296 1.27442 19.2435
343 1.44718 1.28123 19.4788
344 1.45141 1.27125 19.7137
345 1.45563 1.27035 19.9498
346 1.45986 1.24784 20.183
347 1.46408 1.25217 20.4184
348 1.46831 1.2441 20.6536
349 1.47254 1.23135 20.8878
350 1.47676 1.22806 21.1227
351 1.48099 1.22504 21.3583
352 1.48521 1.20177 21.5908
353 1.48944 1.19076 21.8225
354 1.49366 1.18342 22.054
355 1.49789 1.17426 22.2851
356 1.50211 1.15694 22.514
357 1.50634 1.14599 22.7421
358 1.51056 1.13713 22.9696
359 1.51479 1.12017 23.195
360 1.51901 1.10558 23.4188
361 1.52324 1.09226 23.641
362 1.52746 1.08222 23.8625
363 1.53169 1.0754 24.0837
364 1.53592 1.06251 24.3036
365 1.54014 1.04835 24.5217
366 1.54437 1.04159 24.7395
367 1.54859 1.04095 24.9585
368 1.55282 1.0269 25.1756
369 1.55704 1.02017 25.3925
370 1.56127 1.01247 25.609
371 1.56549 1.00003 25.8239
372 1.56972 0.994732 26.0389
373 1.57394 0.988029 26.2535
374 1.57817 0.984267 26.4685
375 1.58239 0.983811 26.6846
376 1.58662 0.979422 26.9008
377 1.59085 0.980249 27.1184
378 1.59507 0.976778 27.3363
379 1.5993 0.972483 27.5544
380 1.60352 0.975584 27.7744
381 1.60775 0.973436 27.9951
382 1.61197 0.978729 28.2182
383 1.6162 0.977553 28.4421
384 1.62042 0.974141 28.6664
385 1.62465 0.98264 28.8939
386 1.62887 0.99092 29.1245
387 1.6331 0.987937 29.3555
388 1.63732 0.995894 29.5897
389 1.64155 1.00179 29.8264
390 1.64577 1.00561 30.0653
391 1.65 1.00685 30.3057
392 1.65423 1.00722 30.5474
393 1.65845 1.01968 30.7934
394 1.66268 1.02992 31.0431
395 1.6669 1.03628 31.2956
396 1.67113 1.04032 31.5504
397 1.67535 1.04688 31.8081
398 1.67958 1.04509 32.0667
399 1.6838 1.05163 32.3282
400 1.68803 1.05762 32.5925
401 1.69225 1.06038 32.8588
402 1.69648 1.06492 33.1276
403 1.7007 1.07103 33.3993
404 1.70493 1.07776 33.674
405 1.70915 1.08384 33.9517
406 1.71338 1.0926 34.233
407 1.71761 1.0975 34.5169
408 1.72183 1.10046 34.8031
409 1.72606 1.11117 35.0934
410 1.73028 1.11192 35.3853
411 1.73451 1.11609 35.6798
412 1.73873 1.11833 35.9763
413 1.74296 1.12312 36.2756
414 1.74718 1.12539 36.5769
415 1.75141 1.12234 36.8788
416 1.75563 1.1249 37.1829
417 1.75986 1.1213 37.4874
418 1.76408 1.11834 37.7926
419 1.76831 1.12677 38.1016
420 1.77254 1.12204 38.4108
421 1.77676 1.12072 38.7211
422 1.78099 1.12475 39.034
423 1.78521 1.13169 39.3503
424 1.78944 1.12037 39.6649
425 1.79366 1.12165 39.9814
426 1.79789 1.12374 40.3
427 1.80211 1.11201 40.6167
428 1.80634 1.10795 40.9337
429 1.81056 1.10794 41.2522
430 1.81479 1.10202 41.5706
431 1.81901 1.10071 41.89
432 1.82324 1.08593 42.2065
433 1.82746 1.08641 42.5247
434 1.83169 1.08106 42.8428
435 1.83592 1.07625 43.161
436 1.84014 1.0711 43.4791
437 1.84437 1.06848 43.7978
438 1.84859 1.06346 44.1165
439 1.85282 1.06028 44.4358
440 1.85704 1.05013 44.7534
441 1.86127 1.04018 45.0694
442 1.86549 1.03745 45.386
443 1.86972 1.03332 45.7028
444 1.87394 1.03024 46.0201
445 1.87817 1.02658 46.3377
446 1.88239 1.01637 46.6536
447 1.88662 1.0066 46.9678
448 1.89085 1.00616 47.2833
449 1.89507 0.995577 47.5968
450 1.8993 0.992359 47.9108
451 1.90352 0.991302 48.2258
452 1.90775 0.989241 48.5415
453 1.91197 0.984583 48.8572
454 1.9162 0.984995 49.1744
455 1.92042 0.980939 49.4917
456 1.92465 0.975787 49.8087
457 1.92887 0.970807 50.1254
458 1.9331 0.964694 50.4416
459 1.93732 0.961572 50.7581
460 1.94155 0.960413 51.0756
461 1.94577 0.960475 51.3945
462 1.95 0.95314 51.7124
463 1.95423 0.946976 52.0296
464 1.95845 0.938082 52.3451
465 1.96268 0.939416 52.6625
466 1.9669 0.940264 52.9815
467 1.97113 0.937942 53.3011
468 1.97535 0.936097 53.6214
469 1.97958 0.935472 53.9429
470 1.9838 0.929528 54.2637
471 1.98803 0.928939 54.5857
472 1.99225 0.930338 54.9096
473 1.99648 0.933556 55.2359
474 2.0007 0.928538 55.5619
475 2.00493 0.927253 55.8888
476 2.00915 0.928219 56.2174
477 2.01338 0.925506 56.5464
478 2.01761 0.929533 56.8783
479 2.02183 0.925997 57.2102
480 2.02606 0.922408 57.5423
481 2.03028 0.92159 57.8755
482 2.03451 0.924338 58.211
483 2.03873 0.922053 58.5471
484 2.04296 0.923538 58.8852
485 2.04718 0.92236 59.2242
486 2.05141 0.922518 59.5646
487 2.05563 0.9211 59.906
488 2.05986 0.923524 60.2497
489 2.06408 0.928075 60.5964
490 2.06831 0.924929 60.9434
491 2.07254 0.928782 61.2933
492 2.07676 0.927121 61.644
493 2.08099 0.933408 61.9985
494 2.08521 0.934823 62.355
495 2.08944 0.938112 62.7142
496 2.09366 0.94215 63.0763
497 2.09789 0.942191 63.44
498 2.10211 0.946564 63.8068
499 2.10634 0.946028 64.1749
500 2.11056 0.945076 64.5442
501 2.11479 0.953911 64.9183
502 2.11901 0.95517 65.2944
503 2.12324 0.949652 65.6699
504 2.12746 0.949253 66.0467
505 2.13169 0.954392 66.427
506 2.13592 0.958512 66.8106
507 2.14014 0.955665 67.1944
508 2.14437 0.957374 67.5805
509 2.14859 0.955924 67.9675
510 2.15282 0.966373 68.3603
511 2.15704 0.96537 68.7543
512 2.16127 0.96665 69.1502
513 2.16549 0.96771 69.5482
514 2.16972 0.969954 69.9487
515 2.17394 0.975093 70.3528
516 2.17817 0.974165 70.7582
517 2.18239 0.976202 71.1659
518 2.18662 0.980579 71.5771
519 2.19085 0.97717 71.9885
520 2.19507 0.979901 72.4025
521 2.1993 0.987544 72.8215
522 2.20352 0.989869 73.243
523 2.20775 0.987876 73.6653
524 2.21197 0.990556 74.0903
525 2.2162 0.997749 74.5201
526 2.22042 0.993474 74.9497
527 2.22465 0.992337 75.3804
528 2.22887 0.994358 75.8136
529 2.2331 0.993461 76.2481
530 2.23732 0.994211 76.6845
531 2.24155 0.997172 77.1239
532 2.24577 1.00145 77.5669
533 2.25 1.00447 78.0129
534 2.25423 1.00373 78.4602
535 2.25845 1.00657 78.9104
536 2.26268 1.00838 79.3632
537 2.2669 1.00789 79.8174
538 2.27113 1.01045 80.2745
539 2.27535 1.01275 80.7344
540 2.27958 1.01242 81.1958
541 2.2838 1.01537 81.6602
542 2.28803 1.01292 82.1253
543 2.29225 1.01274 82.592
544 2.29648 1.01304 83.0605
545 2.3007 1.00692 83.5279
546 2.30493 1.00452 83.996
547 2.30915 1.00341 84.4652
548 2.31338 1.00787 84.9382
549 2.31761 1.00234 85.4104
550 2.32183 1.00388 85.885
551 2.32606 1.00434 86.3616
552 2.33028 0.999306 86.8375
553 2.33451 1.00499 87.3178
554 2.33873 0.998827 87.797
555 2.34296 0.995882 88.2764
556 2.34718 0.998215 88.7587
557 2.35141 0.998906 89.2431
558 2.35563 1.00275 89.7311
559 2.35986 1.00169 90.2203
560 2.36408 0.999339 90.7101
561 2.36831 0.996068 91.2001
562 2.37254 0.997082 91.6923
563 2.37676 0.995525 92.1855
564 2.38099 0.993754 92.6796
565 2.38521 0.993578 93.1754
566 2.38944 0.99281 93.6725
567 2.39366 0.989708 94.1698
568 2.39789 0.988778 94.6684
569 2.40211 0.988642 95.1687
570 2.40634 0.989334 95.6711
571 2.41056 0.988892 96.1751
572 2.41479 0.986996 96.6798
573 2.41901 0.985794 97.1857
574 2.42324 0.987215 97.6941
575 2.42746 0.985305 98.2033
576 2.43169 0.984485 98.7139
577 2.43592 0.984769 99.2263
578 2.44014 0.987396 99.7419
579 2.44437 0.987969 100.26
580 2.44859 0.988682 100.779
581 2.45282 0.992937 101.303
582 2.45704 0.993676 101.83
583 2.46127 0.99299 102.357
584 2.46549 0.988851 102.884
585 2.46972 0.993998 103.416
586 2.47394 0.991445 103.948
587 2.47817 0.993818 104.483
588 2.48239 0.996646 105.022
589 2.48662 0.991469 105.56
590 2.49085 0.992265 106.1
591 2.49507 0.994583 106.643
592 2.4993 0.996532 107.189
593 2.50352 0.996792 107.736
594 2.50775 0.996142 108.286
595 2.51197 0.995804 108.837
596 2.5162 0.996775 109.39
597 2.52042 0.999069 109.947
598 2.52465 1.00024 110.506
599 2.52887 0.997364 111.065
600 2.5331 0.999903 111.628
601 2.53732 0.998844 112.192
602 2.54155 0.999009 112.758
603 2.54577 0.997813 113.325
604 2.55 1.00346 113.897
605 2.55423 1.00404 114.472
606 2.55845 1.00248 115.047
607 2.56268 1.00279 115.625
608 2.5669 1.00712 116.207
609 2.57113 1.00641 116.79
610 2.57535 1.01054 117.378
611 2.57958 1.00988 117.968
612 2.5838 1.00858 118.558
613 2.58803 1.00942 119.151
614 2.59225 1.01721 119.751
615 2.59648 1.01508 120.351
616 2.6007 1.01092 120.95
617 2.60493 1.01462 121.554
618 2.60915 1.01734 122.162
619 2.61338 1.01603 122.77
620 2.61761 1.01873 123.382
621 2.62183 1.01555 123.994
622 2.62606 1.0149 124.608
623 2.63028 1.02028 125.227
624 2.63451 1.01823 125.847
625 2.63873 1.02111 126.471
626 2.64296 1.02159 127.097
627 2.64718 1.02292 127.725
628 2.65141 1.02239 128.356
629 2.65563 1.01956 128.986
630 2.65986 1.0202 129.619
631 2.66408 1.01662 130.252
632 2.66831 1.02075 130.889
633 2.67254 1.02173 131.529
634 2.67676 1.02127 132.171
635 2.68099 1.01619 132.812
636 2.68521 1.01681 133.455
637 2.68944 1.02182 134.103
638 2.69366 1.013 134.747
639 2.69789 1.01846 135.398
640 2.70211 1.01366 136.047
641 2.70634 1.01634 136.699
642 2.71056 1.01618 137.354
643 2.71479 1.01552 138.011
644 2.71901 1.01643 138.67
645 2.72324 1.01455 139.329
646 2.72746 1.0132 139.991
647 2.73169 1.00802 140.65
648 2.73592 1.0055 141.31
649 2.74014 1.00506 141.972
650 2.74437 1.00393 142.635
651 2.74859 1.00356 143.3
652 2.75282 0.999864 143.965
653 2.75704 1.00132 144.632
654 2.76127 0.999328 145.3
655 2.76549 0.998018 145.97
656 2.76972 1.00228 146.644
657 2.77394 0.999855 147.319
658 2.77817 1.00156 147.997
659 2.78239 1.00283 148.678
660 2.78662 1.00447 149.362
661 2.79085 1.00475 150.048
662 2.79507 1.00622 150.737
663 2.7993 1.0053 151.428
664 2.80352 0.999726 152.117
665 2.80775 0.997106 152.807
666 2.81197 1.00098 153.501
667 2.8162 1.00331 154.199
668 2.82042 0.998772 154.896
669 2.82465 0.998841 155.595
670 2.82887 0.999742 156.296
671 2.8331 0.996917 156.998
672 2.83732 0.99956 157.704
673 2.84155 0.996447 158.409
674 2.84577 0.9984 159.118
675 2.85 0.99863 159.83
676 2.85423 1.00076 160.545
677 2.85845 1.00165 161.263
678 2.86268 0.999866 161.981
679 2.8669 1.00046 162.702
680 2.87113 1.00043 163.426
681 2.87535 0.998896 164.15
682 2.87958 0.999536 164.877
683 2.8838 1.00023 165.606
684 2.88803 1.00057 166.338
685 2.89225 0.999549 167.071
686 2.89648 0.999087 167.806
687 2.9007 1.00161 168.546
688 2.90493 0.998667 169.285
689 2.90915 0.999451 170.027
690 2.91338 0.999165 170.77
691 2.91761 1.00303 171.519
692 2.92183 0.998935 172.267
693 2.92606 1.00094 173.019
694 2.93028 1.00174 173.773
695 2.93451 1.00546 174.532
696 2.93873 1.00593 175.294
697 2.94296 1.00736 176.059
698 2.94718 1.00654 176.826
699 2.95141 1.00662 177.595
700 2.95563 1.00472 178.365
701 2.95986 1.01024 179.141
702 2.96408 1.00799 179.918
703 2.96831 1.01131 180.699
704 2.97254 1.00814 181.48
705 2.97676 1.00833 182.264
706 2.98099 1.01198 183.053
707 2.98521 1.01157 183.843
708 2.98944 1.00858 184.634
709 2.99366 1.0103 185.428
710 2.99789 1.00915 186.223
711 3.00211 1.0125 187.023
712 3.00634 1.00975 187.824
713 3.01056 1.01078 188.627
714 3.01479 1.0106 189.433
715 3.01901 1.01715 190.246
716 3.02324 1.019 191.063
717 3.02746 1.01727 191.88
718 3.03169 1.01775 192.701
719 3.03592 1.01631 193.522
720 3.04014 1.0169 194.347
721 3.04437 1.01635 195.173
722 3.04859 1.01636 196.001
723 3.05282 1.01237 196.829
724 3.05704 1.01343 197.659
725 3.06127 1.01179 198.491
726 3.06549 1.00842 199.322
727 3.06972 1.01092 200.157
728 3.07394 1.01112 200.995
729 3.07817 1.01341 201.837
730 3.08239 1.01074 202.68
731 3.08662 1.01107 203.524
732 3.09085 1.00729 204.368
733 3.09507 1.00478 205.212
734 3.0993 1.00643 206.06
735 3.10352 1.00749 206.911
736 3.10775 1.00542 207.763
737 3.11197 1.00707 208.618
738 3.1162 1.00546 209.475
739 3.12042 1.00814 210.335
740 3.12465 1.00611 211.197
741 3.12887 1.01226 212.066
742 3.1331 1.00738 212.933
743 3.13732 1.00773 213.803
744 3.14155 1.00762 214.675
745 3.14577 1.00713 215.549
746 3.15 1.00841 216.427
747 3.15423 1.00267 217.302
748 3.15845 1.00573 218.182
749 3.16268 1.00552 219.064
750 3.1669 1.00411 219.947
751 3.17113 1.00408 220.832
752 3.17535 1.00457 221.721
753 3.17958 1.00395 222.611
754 3.1838 1.0066 223.506
755 3.18803 1.00247 224.399
756 3.19225 1.00299 225.296
757 3.19648 1.00324 226.195
758 3.2007 1.00454 227.097
759 3.20493 1.00472 228.002
760 3.20915 1.0027 228.908
761 3.21338 1.00262 229.816
762 3.21761 1.00437 230.728
763 3.22183 1.00162 231.64
764 3.22606 1.00114 232.553
765 3.23028 0.998439 233.467
766 3.23451 0.99961 234.384
767 3.23873 0.999576 235.304
768 3.24296 0.998176 236.224
769 3.24718 0.99797 237.147
770 3.25141 0.994737 238.07
771 3.25563 0.996647 238.996
772 3.25986 0.995764 239.924
773 3.26408 0.994683 240.853
774 3.26831 0.993886 241.785
775 3.27254 0.992381 242.717
776 3.27676 0.992225 243.651
777 3.28099 0.989747 244.585
778 3.28521 0.992004 245.524
779 3.28944 0.995158 246.469
780 3.29366 0.99509 247.415
781 3.29789 0.99656 248.366
782 3.30211 0.99316 249.316
783 3.30634 0.997135 250.272
784 3.31056 0.994367 251.227
785 3.31479 0.994181 252.185
786 3.31901 0.993479 253.145
787 3.32324 0.99177 254.106
788 3.32746 0.992949 255.07
789 3.33169 0.991841 256.036
790 3.33592 0.994399 257.006
791 3.34014 0.997714 257.982
792 3.34437 0.99786 258.961
793 3.34859 0.997298 259.942
794 3.35282 0.997031 260.925
795 3.35704 0.999003 261.912
796 3.36127 1.00024 262.903
797 3.36549 0.99902 263.896
798 3.36972 0.995803 264.887
799 3.37394 0.997931 265.884
800 3.37817 0.996776 266.881
801 3.38239 0.997234 267.882
802 3.38662 0.998609 268.886
803 3.39085 0.999419 269.894
804 3.39507 0.999293 270.904
805 3.3993 0.99895 271.916
806 3.40352 0.998249 272.931
807 3.40775 0.998524 273.948
808 3.41197 0.999635 274.968
809 3.4162 0.999356 275.991
810 3.42042 1.00172 277.019
811 3.42465 1.00057 278.048
812 3.42887 0.999688 279.079
813 3.4331 0.998401 280.111
814 3.43732 0.998927 281.146
815 3.44155 1.00143 282.186
816 3.44577 1.00141 283.229
817 3.45 0.99985 284.273
818 3.45423 0.9977 285.317
819 3.45845 0.99877 286.364
820 3.46268 0.9972 287.413
821 3.4669 0.999194 288.466
822 3.47113 0.999299 289.522
823 3.47535 0.998049 290.579
824 3.47958 0.999515 291.641
825 3.4838 0.997439 292.702
826 3.48803 1.00254 293.772
827 3.49225 1.00158 294.843
828 3.49648 1.00076 295.916
829 3.5007 1.00248 296.994
830 3.50493 0.998838 298.07
831 3.50915 1.00167 299.152
832 3.51338 0.99593 300.23
833 3.51761 0.99432 301.309
834 3.52183 0.998556 302.395
835 3.52606 1.00093 303.486
836 3.53028 0.999167 304.578
837 3.53451 1.0004 305.674
838 3.53873 1.00361 306.777
839 3.54296 1.00439 307.882
840 3.54718 1.00231 308.988
841 3.55141 1.00138 310.096
842 3.55563 1.00181 311.207
843 3.55986 1.00162 312.32
844 3.56408 1.00102 313.435
845 3.56831 0.999298 314.551
846 3.57254 1.00112 315.672
847 3.57676 1.00245 316.796
848 3.58099 1.00336 317.925
849 3.58521 0.99869 319.051
850 3.58944 0.995335 320.175
851 3.59366 0.995545 321.303
852 3.59789 0.997137 322.435
853 3.60211 0.996353 323.569
854 3.60634 0.997304 324.706
855 3.61056 0.998785 325.848
856 3.61479 1.00046 326.995
857 3.61901 0.999027 328.142
858 3.62324 0.996559 329.289
859 3.62746 0.996504 330.439
860 3.63169 0.998339 331.594
861 3.63592 0.997694 332.751
862 3.64014 0.997471 333.91
863 3.64437 0.995028 335.069
864 3.64859 0.997408 336.234
865 3.65282 0.998982 337.403
866 3.65704 1.00035 338.576
867 3.66127 0.999364 339.751
868 3.66549 0.999397 340.928
869 3.66972 1.00223 342.112
870 3.67394 1.00051 343.296
871 3.67817 0.998936 344.482
872 3.68239 1.00029 345.671
873 3.68662 1.00024 346.863
874 3.69085 1.00153 348.06
875 3.69507 1.0018 349.26
876 3.6993 1.00052 350.46
877 3.70352 0.998581 351.662
878 3.70775 0.997879 352.865
879 3.71197 0.99745 354.07
880 3.7162 0.998582 355.279
881 3.72042 0.997818 356.491
882 3.72465 0.998314 357.705
883 3.72887 0.998282 358.923
884 3.7331 0.997425 360.142
885 3.73732 0.995888 361.362
886 3.74155 0.996003 362.584
887 3.74577 0.998604 363.813
888 3.75 0.995125 365.041
889 3.75423 0.995851 366.271
890 3.75845 0.998669 367.509
891 3.76268 0.995646 368.745
892 3.7669 0.995306 369.983
893 3.77113 0.997912 371.228
894 3.77535 0.995409 372.472
895 3.77958 0.997611 373.722
896 3.7838 0.999725 374.978
897 3.78803 1.00168 376.238
898 3.79225 1.0003 377.5
899 3.79648 1.00011 378.764
900 3.8007 1.00084 380.032
901 3.80493 1.00015 381.302
902 3.80915 0.998515 382.572
903 3.81338 1.00121 383.849
904 3.81761 1.00048 385.128
905 3.82183 1.00372 386.414
906 3.82606 1.00049 387.698
907 3.83028 1.00186 388.987
908 3.83451 1.00056 390.277
909 3.83873 1.00518 391.576
910 3.84296 1.00312 392.876
911 3.84718 1.004 394.179
912 3.85141 1.00332 395.484
913 3.85563 1.0007 396.789
914 3.85986 1.00282 398.099
915 3.86408 1.00379 399.414
916 3.86831 1.00504 400.732
917 3.87254 1.00631 402.056
918 3.87676 1.00483 403.38
919 3.88099 1.00416 404.707
920 3.88521 1.00326 406.035
921 3.88944 1.00332 407.366
922 3.89366 1.0049 408.702
923 3.89789 1.00399 410.04
924 3.90211 1.00576 411.383
925 3.90634 1.00553 412.729
926 3.91056 1.00692 414.079
927 3.91479 1.00755 415.433
928 3.91901 1.00689 416.79
929 3.92324 1.00794 418.15
930 3.92746 1.0115 419.519
931 3.93169 1.00921 420.887
932 3.93592 1.01171 422.261
933 3.94014 1.00905 423.635
934 3.94437 1.00846 425.011
935 3.94859 1.00894 426.391
936 3.95282 1.01078 427.776
937 3.95704 1.00939 429.162
938 3.96127 1.00974 430.552
939 3.96549 1.01007 431.945
940 3.96972 1.00913 433.339
941 3.97394 1.01193 434.741
942 3.97817 1.0101 436.143
943 3.98239 1.00923 437.546
944 3.98662 1.01095 438.956
945 3.99085 1.00865 440.364
946 3.99507 1.00737 441.774
947 3.9993 1.00411 443.183
948 4.00352 1.00336 444.593
949 4.00775 1.00423 446.008
950 4.01197 1.00546 447.427
951 4.0162 1.0082 448.853
952 4.02042 1.01051 450.286
953 4.02465 1.00858 451.719
954 4.02887 1.00982 453.156
955 4.0331 1.00615 454.592
956 4.03732 1.00634 456.03
957 4.04155 1.00696 457.473
958 4.04577 1.00696 458.918
959 4.05 1.00496 460.364
960 4.05423 1.00443 461.812
961 4.05845 1.00627 463.265
962 4.06268 1.00746 464.724
963 4.0669 1.00282 466.178
964 4.07113 1.00292 467.636
965 4.07535 1.00512 469.1
966 4.07958 1.00634 470.569
967 4.0838 1.00274 472.035
968 4.08803 1.00549 473.509
969 4.09225 1.0035 474.983
970 4.09648 1.00218 476.458
971 4.1007 1.00056 477.934
972 4.10493 1.0021 479.414
973 4.10915 1.00185 480.898
974 4.11338 1.00229 482.385
975 4.11761 1.00313 483.877
976 4.12183 0.999711 485.366
977 4.12606 1.00078 486.861
978 4.13028 1.00336 488.362
979 4.13451 1.00416 489.867
980 4.13873 1.00406 491.376
981 4.14296 1.00273 492.885
982 4.14718 1.00248 494.397
983 4.15141 1.00218 495.912
984 4.15563 1.0014 497.428
985 4.15986 1.00426 498.952
986 4.16408 1.00257 500.477
987 4.16831 1.00302 502.005
988 4.17254 1.0005 503.533
989 4.17676 0.998011 505.06
990 4.18099 0.998143 506.59
991 4.18521 0.998863 508.125
992 4.18944 0.997608 509.66
993 4.19366 0.999271 511.202
994 4.19789 0.997304 512.743
995 4.20211 0.997485 514.288
996 4.20634 0.99799 515.836
997 4.21056 0.997051 517.386
998 4.21479 0.998028 518.941
999 4.21901 0.996912 520.498
1000 4.22324 0.995315 522.054
