# DATE: 2025-02-02 UNITS: lj Created by pair_write
# Pair potential ntw for atom types 2 2: i,r,energy,force

NTW
N 1000 R 0.001 4.22535211267606

       1  0.001                  1.42241757136172e+35   1.70690108563407e+39 
       2  0.00522858069336943    3.4073859586848e+26    7.82021621203438e+29 
       3  0.00945716138673886    2.77905731937277e+23   3.52628938734575e+26 
       4  0.0136857420801083     3.29463187378158e+21   2.88881540028746e+24 
       5  0.0179143227734777     1.302034133822e+20     8.72174170546715e+22 
       6  0.0221429034668471     1.02379335855851e+19   5.5482878842408e+21  
       7  0.0263714841602166     1.25722278423737e+18   5.72082834594795e+20 
       8  0.030600064853586      2.11037165684461e+17   8.27594974171028e+19 
       9  0.0348286455469554     4.46465682706879e+16   1.53827061269424e+19 
      10  0.0390572262403249     1.12878268743042e+16   3.46808863635585e+18 
      11  0.0432858069336943     3.28761453648349e+15   9.11415940523737e+17 
      12  0.0475143876270637     1.07429974340526e+15   2.71319858356339e+17 
      13  0.0517429683204331     386198906021599        8.95655394866297e+16 
      14  0.0559715490138026     150459354537496        3.22576788790446e+16 
      15  0.060200129707172      62785301584904.7       1.25153155430676e+16 
      16  0.0644287104005414     27801859546703.7       5.17816222746623e+15 
      17  0.0686572910939109     12965436395091.5       2.2661138280024e+15  
      18  0.0728858717872803     6328588761425.76       1.04194493767944e+15 
      19  0.0771144524806497     3216605170506.78       500545109307066      
      20  0.0813430331740191     1695050950509.81       250059662302025      
      21  0.0855716138673886     922721064416.292       129396329840815      
      22  0.089800194560758      517249140000.267       69120002583108.1     
      23  0.0940287752541274     297781529474.178       38003029860088.4     
      24  0.0982573559474968     175649221249.952       21451733915226.8     
      25  0.102485936640866      105938986456.958       12404314964094.1     
      26  0.106714517334236      65214633135.682        7333356483983.48     
      27  0.110943098027605      40909449806.679        4424911566450.02     
      28  0.115171678720975      26114321326.0451       2720910725559.06     
      29  0.119400259414344      16941968277.6511       1702706680278.71     
      30  0.123628840107713      11158082606.5525       1083056276852.32     
      31  0.127857420801083      7452737688.84016       699473301633.54      
      32  0.132086001494452      5043657503.16702       458215778759.467     
      33  0.136314582187822      3455566916.08789       304199318425.962     
      34  0.140543162881191      2395027105.42354       204494652574.303     
      35  0.144771743574561      1678113957.90223       139097361112.156     
      36  0.14900032426793       1187901814.75321       95669736606.7885     
      37  0.153228904961299      849060688.039809       66493513472.8751     
      38  0.157457485654669      612445379.5117         46675104226.287      
      39  0.161686066348038      445611064.404732       33072316580.1233     
      40  0.165914647041408      326896581.306714       23643234914.0454     
      41  0.170143227734777      241685780.506783       17045811371.3623     
      42  0.174371808428147      180016307.138865       12388445730.6463     
      43  0.178600389121516      135032497.242511       9072712410.54244     
      44  0.182828969814885      101973414.778781       6693036549.86794     
      45  0.187057550508255      77504013.4149397       4971989414.23427     
      46  0.191286131201624      59268686.9410676       3718117141.19257     
      47  0.195514711894994      45590441.7954694       2798179718.77134     
      48  0.199743292588363      35266361.4167787       2118701116.40664     
      49  0.203971873281733      27427340.2878144       1613595434.30544     
      50  0.208200453975102      21441099.0380709       1235795520.83003     
      51  0.212429034668471      16844596.0942957       951542021.773865     
      52  0.216657615361841      13296569.354644        736456145.2853       
      53  0.22088619605521       10543970.8055646       572818274.418147     
      54  0.22511477674858       8398061.8207224        447668266.404301     
      55  0.229343357441949      6717274.81507035       351469947.419804     
      56  0.233571938135319      5394847.03460062       277165848.485021     
      57  0.237800518828688      4349842.52527333       219503769.633247     
      58  0.242029099522057      3520595.168227         174553977.610584     
      59  0.246257680215427      2859892.44288709       139360970.528846     
      60  0.250486260908796      2331418.23660823       111690831.817097     
      61  0.254714841602166      1907111.55280032       89846898.9479107     
      62  0.258943422295535      1565195.19681642       72534541.3127332     
      63  0.263172002988905      1288697.17963865       58761441.1122404     
      64  0.267400583682274      1064336.35721523       47763681.4066106     
      65  0.271629164375643      881678.676428067       38950692.7277671     
      66  0.275857745069013      732495.441493945       31864051.1474033     
      67  0.280086325762382      610273.105811938       26146500.5482458     
      68  0.284314906455752      509837.231966795       21518557.9265881     
      69  0.288543487149121      427062.851441665       17760768.9859605     
      70  0.292772067842491      358650.48858521        14700192.8670906     
      71  0.29700064853586       301952.296309595       12200066.1410565     
      72  0.301229229229229      254836.588156344       10151866.9554741     
      73  0.305457809922599      215581.904907238       8469198.61011712     
      74  0.309686390615968      182793.885197998       7083057.858539       
      75  0.313914971309338      155339.808139392       5938161.18503899     
      76  0.318143552002707      132296.87983852        4990082.45940424     
      77  0.322372132696077      112911.245988686       4203015.13313701     
      78  0.326600713389446      96565.4036324872       3548016.87945831     
      79  0.330829294082815      82752.2116262981       3001628.20413972     
      80  0.335057874776185      71054.1018853961       2544781.9232822      
      81  0.339286455469554      61126.4024137517       2161939.61621282     
      82  0.343515036162924      52683.9210200077       1840405.76407049     
      83  0.347743616856293      45490.1224415378       1569781.42285521     
      84  0.351972197549663      39348.3741021857       1341527.80495862     
      85  0.356200778243032      34094.8465578464       1148616.69048359     
      86  0.360429358936401      29592.7411480491       985249.634445798     
      87  0.364657939629771      25727.5850335093       846631.835507526     
      88  0.36888652032314       22403.3869057201       728789.555639426     
      89  0.37311510101651       19539.4884575674       628422.331905211     
      90  0.377343681709879      17067.9797029138       542783.056194041     
      91  0.381572262403249      14931.5723544976       469580.434082096     
      92  0.385800843096618      13081.8462027394       406899.46017716      
      93  0.390029423789987      11477.7999381295       353136.433344453     
      94  0.394258004483357      10084.6510250335       306945.734222993     
      95  0.398486585176726      8872.83976560535       267196.140364619     
      96  0.402715165870096      7817.20113697072       232934.892829296     
      97  0.406943746563465      6896.27477267122       203358.076711919     
      98  0.411172327256835      6091.72892844977       177786.155960758     
      99  0.415400907950204      5387.87868921145       155643.724874385     
     100  0.419629488643573      4771.28224898062       136442.716482762     
     101  0.423858069336943      4230.4019957386        119768.450763036     
     102  0.428086650030312      3755.31949069596       105268.020491166     
     103  0.432315230723682      3337.49535234923       92640.6051440347     
     104  0.436543811417051      2969.5666238066        81629.3781122227     
     105  0.440772392110421      2645.17548470381       72014.7330995448     
     106  0.44500097280379       2358.82422057646       63608.6047803592     
     107  0.449229553497159      2105.7522261988        56249.6987936469     
     108  0.453458134190529      1881.83153008351       49799.4787552935     
     109  0.457686714883898      1683.4779132542        44138.7845902608     
     110  0.461915295577268      1507.57517935069       39164.9782643239     
     111  0.466143876270637      1351.4105335775        34789.5308455125     
     112  0.470372456964007      1212.61935995447       30935.9794840226     
     113  0.474601037657376      1089.13796197451       27538.1949589489     
     114  0.478829618350745      979.163061058186       24538.9103794441     
     115  0.483058199044115      881.117038238072       21888.4698340984     
     116  0.487286779737484      793.618063947786       19543.7625694219     
     117  0.491515360430854      715.454394075147       17467.3139012584     
     118  0.495743941124223      645.562222034966       15626.5087292565     
     119  0.499972521817593      583.006570199754       13992.9274032855     
     120  0.504201102510962      526.964782624949       12541.7769200456     
     121  0.508429683204331      476.712247117773       11251.4031210652     
     122  0.512658263897701      431.6100303921         10102.871812426      
     123  0.51688684459107       391.094157035921       9079.60860791127     
     124  0.52111542528444       354.666302712188       8167.08887336686     
     125  0.525344005977809      321.885705596383       7352.57047237326     
     126  0.529572586671179      292.362128505499       6624.86312434165     
     127  0.533801167364548      265.749728310276       5974.12912096459     
     128  0.538029748057917      241.741709727069       5391.71093462788     
     129  0.542258328751287      220.065658027452       4869.98191700395     
     130  0.546486909444656      200.479460059327       4402.21684759254     
     131  0.550715490138026      182.767735642546       3982.47956707191     
     132  0.554944070831395      166.738712220261       3605.52533281352     
     133  0.559172651524765      152.22148489628        3266.71587533566     
     134  0.563401232218134      139.063611905887       2961.94542446202     
     135  0.567629812911503      127.129002352803       2687.57622057036     
     136  0.571858393604873      116.296058866947       2440.38223630892     
     137  0.576086974298242      106.456042838972       2217.50001318453     
     138  0.580315554991612      97.5116341887754       2016.38567023478     
     139  0.584544135684981      89.3756613285683       1834.7772725838      
     140  0.588772716378351      81.9699801731731       1670.66185940604     
     141  0.59300129707172       75.2244838047306       1522.24652652272     
     142  0.59722987776509       69.0762267783803       1387.93304091985     
     143  0.601458458458459      63.4686501130911       1266.29553492899     
     144  0.605687039151828      58.350894792986        1156.06088835993     
     145  0.609915619845198      53.6771931480025       1056.09145896877     
     146  0.614144200538567      49.4063288216036       965.36986651254      
     147  0.618372781231937      45.5011571958242       882.985574326593     
     148  0.622601361925306      41.9281791544011       808.123045749617     
     149  0.626829942618675      38.6571619438673       740.051281568614     
     150  0.631058523312045      35.6608016580813       678.114569604661     
     151  0.635287104005414      32.9144225390286       621.724299158922     
     152  0.639515684698784      30.3957088689997       570.351711754997     
     153  0.643744265392153      28.0844657377634       523.521475848774     
     154  0.647972846085523      25.9624054128371       480.805987272883     
     155  0.652201426778892      24.0129564298405       441.820309433178     
     156  0.656430007472261      22.2210928604506       406.21767793088      
     157  0.660658588165631      20.5731815139329       373.685503562129     
     158  0.664887168859         19.0568450900254       343.941815732235     
     159  0.66911574955237       17.6608395308071       316.732095374512     
     160  0.673344330245739      16.3749440211423       291.826452620636     
     161  0.677572910939109      15.1898622649123       269.017109849383     
     162  0.681801491632478      14.0971338205617       248.11615544551      
     163  0.686030072325847      13.08905441719         228.95353771868      
     164  0.690258653019217      12.1586042938055       211.37527203984      
     165  0.694487233712586      11.2993837114537       195.241837415378     
     166  0.698715814405956      10.5055548824923       180.426741494628     
     167  0.702944395099325      9.77178964484038       166.815235443538     
     168  0.707172975792695      9.09322228291402       154.303162259244     
     169  0.711401556486064      8.46540696235005       142.79592398434      
     170  0.715630137179433      7.88427930352709       132.207554938016     
     171  0.719858717872803      7.34612167021451       122.459889542208     
     172  0.724087298566172      6.8475317951987        113.481814608849     
     173  0.728315879259542      6.38539440513563       105.208597090667     
     174  0.732544459952911      5.95685554275974       97.5812793012405     
     175  0.736773040646281      5.55929931647187       90.5461344965455     
     176  0.74100162133965       5.1903268356925        84.0541764940155     
     177  0.745230202033019      4.84773711561284       78.0607176987455     
     178  0.749458782726389      4.52950975745897       72.5249705205947     
     179  0.753687363419758      4.2337892304235        67.4096877101424     
     180  0.757915944113128      3.95887059928736       62.6808376239699     
     181  0.762144524806497      3.70318655770286       58.3073108579262     
     182  0.766373105499867      3.46529564134739       54.2606550671818     
     183  0.770601686193236      3.24387150788204       50.5148351296855     
     184  0.774830266886606      3.03769318202474       47.0460161099465     
     185  0.779058847579975      2.84563617422568       43.8323667472722     
     186  0.783287428273344      2.66666439054354       40.8538814304573     
     187  0.787516008966714      2.49982275948255       38.0922188328276     
     188  0.791744589660083      2.34423050886493       35.5305555704284     
     189  0.795973170353452      2.19907503237364       33.1534534146295     
     190  0.800201751046822      2.06360629128674       30.946738740786      
     191  0.804430331740191      1.93713170221063       28.8973930288843     
     192  0.808658912433561      1.81901146636731       26.9934533520963     
     193  0.81288749312693       1.70865430026006       25.2239218964629     
     194  0.8171160738203        1.60551353138021       23.5786836509156     
     195  0.821344654513669      1.50908352607333       22.0484314927785     
     196  0.825573235207039      1.41889641979334       20.6245979708566     
     197  0.829801815900408      1.33451912277622       19.2992931572004     
     198  0.834030396593777      1.25555057669084       18.0652480004911     
     199  0.838258977287147      1.18161924010292       16.915762669491      
     200  0.842487557980516      1.1123807826443        15.8446594248277     
     201  0.846716138673886      1.04751596963531       14.8462396021364     
     202  0.850944719367255      0.986728720585442      13.9152443298016     
     203  0.855173300060625      0.929744326511989      13.0468186407099     
     204  0.859401880753994      0.876307812387444      12.2364786699648     
     205  0.863630461447364      0.826182432265226      11.4800816598009     
     206  0.867859042140733      0.779148285755891      10.7737985193211     
     207  0.872087622834102      0.735001045541746      10.1140887104453     
     208  0.876316203527472      0.693550786538563      9.49767725289626     
     209  0.880544784220841      0.654620908147423      8.92153366037468     
     210  0.884773364914211      0.618047141796696      8.38285263752717     
     211  0.88900194560758       0.583676636660656      7.87903638305904     
     212  0.893230526300949      0.551367117064734      7.40767835857861     
     213  0.897459106994319      0.52098610565338       6.96654839561916     
     214  0.901687687687688      0.492410206910971      6.55357902491725     
     215  0.905916268381058      0.465524446093692      6.16685292254725     
     216  0.910144849074427      0.440221659055605      5.80459137703669     
     217  0.914373429767797      0.416401928838944      5.46514369021077     
     218  0.918602010461166      0.39397206525089       5.1469774323285      
     219  0.922830591154535      0.372845123969704      4.84866947915437     
     220  0.927059171847905      0.352939962015342      4.56889776503234     
     221  0.931287752541274      0.334180826685872      4.30643369185427     
     222  0.935516333234644      0.316496975303914      4.06013513910377     
     223  0.939744913928013      0.299822323338725      3.82894002495752     
     224  0.943973494621383      0.284095118671776      3.6118603727887      
     225  0.948202075314752      0.269257639958128      3.40797684138098     
     226  0.952430656008121      0.255255917204534      3.21643368076637     
     227  0.956659236701491      0.242039472839164      3.0364340788787      
     228  0.96088781739486       0.229561081688655      2.86723586719825     
     229  0.96511639808823       0.217776548406905      2.70814755627895     
     230  0.969344978781599      0.206644501017842      2.55852467452397     
     231  0.973573559474969      0.196126199342144      2.41776638582877     
     232  0.977802140168338      0.186185357176601      2.28531236376618     
     233  0.982030720861708      0.176787977185182      2.16063990186057     
     234  0.986259301555077      0.167902197543684      2.04326124120837     
     235  0.990487882248446      0.159498149455757      1.93272109826118     
     236  0.994716462941816      0.1515478247277        1.82859437701225     
     237  0.998945043635185      0.144024952653267      1.73048405112767     
     238  1.00317362432855       0.136904885518322      1.63801920275189     
     239  1.00740220502192       0.130164492088952      1.55085320580368     
     240  1.01163078571529       0.123782058496052      1.46866204257181     
     241  1.01585936640866       0.117737195974749      1.39114274332832     
     242  1.02008794710203       0.112010754958747      1.31801193950879     
     243  1.0243165277954        0.106584745067981      1.24900452177009     
     244  1.02854510848877       0.101442260563251      1.1838723949333      
     245  1.03277368918214       0.0965674108738884     1.12238332245774     
     246  1.03700226987551       0.0919452558343922     1.06431985367759     
     247  1.04123085056888       0.0875617452934165     1.009478327569       
     248  1.04545943126225       0.0834036627837956     0.957667947307392    
     249  1.04968801195562       0.0794585729656018     0.908709920326379    
     250  1.05391659264899       0.075714772575702      0.862436659003881    
     251  1.05814517334236       0.072161244637074      0.818691037481231    
     252  1.06237375403573       0.0687876156994038     0.777325700470568    
     253  1.0666023347291        0.0655841158993199     0.738202420226601    
     254  1.07083091542247       0.0625415416441565     0.701191498153724    
     255  1.07505949611583       0.0596512207374836     0.666171207790681    
     256  1.0792880768092        0.0569049797778787     0.633027276164236    
     257  1.08351665750257       0.0542951136746489     0.601652400732715    
     258  1.08774523819594       0.0518143571355088     0.571945799351373    
     259  1.09197381888931       0.0494558579916618     0.54381279088584     
     260  1.09620239958268       0.0472131522353919     0.517164404278853    
     261  1.10043098027605       0.045080140654191      0.491917014040282    
     262  1.10465956096942       0.0430510669537166     0.467992000282368    
     263  1.10888814166279       0.0411204972695067     0.445315431562049    
     264  1.11311672235616       0.0392833009744576     0.423817768921333    
     265  1.11734530304953       0.0375346326956165     0.403433589635755    
     266  1.1215738837429        0.0358699154599093     0.384101329290748    
     267  1.12580246443627       0.0342848248940364     0.365763040907139    
     268  1.13003104512964       0.0327752744089852     0.348364169930557    
     269  1.13425962582301       0.0313374013044258     0.331853343985964    
     270  1.13848820651638       0.0299675537327384     0.316182176378308    
     271  1.14271678720975       0.0286622784665691     0.301305082394099    
     272  1.14694536790311       0.0274183094176598     0.287179107526823    
     273  1.15117394859648       0.0262325568582759     0.273763766812188    
     274  1.15540252928985       0.02510209729987       0.261020894517452    
     275  1.15963110998322       0.0240241639867003     0.248914503483011    
     276  1.16385969067659       0.022996137964983      0.237410653464327    
     277  1.16808827136996       0.0220155396908185     0.22647732786845     
     278  1.17231685206333       0.0210800211425966     0.216084318322158    
     279  1.1765454327567        0.0201873584058853     0.20620311654834     
     280  1.18077401345007       0.0193354447009417     0.196806813063938    
     281  1.18500259414344       0.0185222838249659     0.187870002246735    
     282  1.18923117483681       0.0177459839830712     0.179368693349844    
     283  1.19345975553018       0.0170047519836556     0.171280227071906    
     284  1.19768833622355       0.0162968877754648     0.163583197318148    
     285  1.20191691691692       0.015620779305122      0.156257377812554    
     286  1.20614549761029       0.0149748976752898     0.149283653244776    
     287  1.21037407830366       0.0143577925849174     0.142643954656981    
     288  1.21460265899703       0.0137680880342325     0.136321198796025    
     289  1.2188312396904        0.0132044782782582     0.130299231174911    
     290  1.22305982038376       0.0126657240136798     0.124562772604924    
     291  1.22728840107713       0.0121506487848618     0.11909736897585     
     292  1.2315169817705        0.0116581355957235     0.113889344076737    
     293  1.23574556246387       0.0111871237150316     0.108925755263506    
     294  1.23997414315724       0.0107366056634572     0.104194351792726    
     295  1.24420272385061       0.0103056243714832     0.0996835356528387   
     296  1.24843130454398       0.00989327049794037    0.0953823247353638   
     297  1.25265988523735       0.00949867989958938    0.0912803181990062   
     298  1.25688846593072       0.00912103124277117    0.0873676638893035   
     299  1.26111704662409       0.0087595437487075     0.0836350276854617   
     300  1.26534562731746       0.00841347506455913    0.0800735646544522   
     301  1.26957420801083       0.00808211925283865    0.076674891900259    
     302  1.2738027887042        0.00776480489223478    0.0734310630034755   
     303  1.27803136939757       0.0074608932833318     0.070334543953234    
     304  1.28225995009094       0.0071697767531105     0.0673781904798027   
     305  1.28648853078431       0.00689087705249044    0.0645552267020815   
     306  1.29071711147768       0.00662364384152552    0.0618592250097481   
     307  1.29494569217105       0.00636755325719212    0.0592840871049352   
     308  1.29917427286441       0.00612210655901729    0.0568240261331248   
     309  1.30340285355778       0.00588682884808158    0.05447354983741     
     310  1.30763143425115       0.00566126785520132    0.0522274446744618   
     311  1.31186001494452       0.00544499279434676    0.0500807608344271   
     312  1.31608859563789       0.00523759327758963    0.0480287981106331   
     313  1.32031717633126       0.00503867828809501    0.0460670925683718   
     314  1.32454575702463       0.0048478752078802     0.0441914039652141   
     315  1.328774337718         0.0046648288972578     0.0423977038782737   
     316  1.33300291841137       0.00448920082306316    0.0406821644966166   
     317  1.33723149910474       0.00432066823293711    0.0390411480396032   
     318  1.34146007979811       0.00415892337309603    0.0374711967643799   
     319  1.34568866049148       0.00400367274717153    0.0359690235280007   
     320  1.34991724118485       0.0038546364138438     0.0345315028717868   
     321  1.35414582187822       0.00371154732112515    0.0331556625975123   
     322  1.35837440257159       0.00357415067527516    0.0318386758068684   
     323  1.36260298326496       0.00344220334244558    0.0305778533773902   
     324  1.36683156395833       0.00331547328126321    0.0293706368496667   
     325  1.37106014465169       0.00319373900466221    0.0282145917021731   
     326  1.37528872534506       0.0030767890693741     0.0271074009914964   
     327  1.37951730603843       0.00296442159157518    0.0260468593370618   
     328  1.3837458867318        0.00285644378727632    0.0250308672307204   
     329  1.38797446742517       0.00275267153612117    0.0240574256527364   
     330  1.39220304811854       0.00265292896733387    0.0231246309768089   
     331  1.39643162881191       0.00255704806662931    0.0222306701478017   
     332  1.40066020950528       0.00246486830296524    0.0213738161168156   
     333  1.40488879019865       0.00237623627407918    0.0205524235191533   
     334  1.40911737089202       0.00229100536981191    0.0197649245815738   
     335  1.41334595158539       0.00220903545227539    0.0190098252460342   
     336  1.41757453227876       0.00213019255197539    0.0182857014978672   
     337  1.42180311297213       0.0020543485790486     0.0175911958870474   
     338  1.4260316936655        0.0019813810488205     0.0169250142318582   
     339  1.43026027435887       0.00191117282093436    0.016285922494895    
     340  1.43448885505224       0.00184361185134256    0.0156727438219207   
     341  1.43871743574561       0.001778590956491      0.0150843557346398   
     342  1.44294601643898       0.00171600758906359    0.0145196874689681   
     343  1.44717459713234       0.00165576362468843    0.0139777174508645   
     344  1.45140317782571       0.00159776515904017    0.0134574709022381   
     345  1.45563175851908       0.00154192231480336    0.0129580175698787   
     346  1.45986033921245       0.00148814905799099    0.0124784695707554   
     347  1.46408891990582       0.00143636302313935    0.012017979347407    
     348  1.46831750059919       0.0013864853469265     0.0115757377275046   
     349  1.47254608129256       0.00133844050978561    0.0111509720819992   
     350  1.47677466198593       0.00129215618510767    0.010742944576582    
     351  1.4810032426793        0.00124756309564956    0.0103509505114822   
     352  1.48523182337267       0.00120459487678395    0.00997431674490434  
     353  1.48946040406604       0.0011631879462469     0.00961240019566937  
     354  1.49368898475941       0.00112328138005704    0.00926458642087181  
     355  1.49791756545278       0.00108481679429772    0.00893028826459662  
     356  1.50214614614615       0.00104773823246954    0.00860894457395875  
     357  1.50637472683952       0.00101199205813607    0.00830001897893516  
     358  1.51060330753289       0.000977526852600233   0.00800299873265238  
     359  1.51483188822626       0.000944293317362395   0.00771739360897717  
     360  1.51906046891962       0.000912244181124188   0.00744273485442919  
     361  1.52328904961299       0.000881334111114396   0.0071785741915983   
     362  1.52751763030636       0.000851519628524803   0.00692448287140202  
     363  1.53174621099973       0.000822759027854842   0.00668005077166355  
     364  1.5359747916931        0.00079501229997428    0.00644488553962718  
     365  1.54020337238647       0.000768241058722922   0.00621861177615649  
     366  1.54443195307984       0.000742408470875665   0.00600087025948255  
     367  1.54866053377321       0.000717479189309944   0.0057913172064835   
     368  1.55288911446658       0.000693419289220954   0.0055896235695853   
     369  1.55711769515995       0.000670196207237865   0.00539547436747533  
     370  1.56134627585332       0.000647778683301717   0.00520856804791712  
     371  1.56557485654669       0.000626136705172706   0.00502861588104528  
     372  1.56980343724006       0.000605241455441242   0.00485534138160555  
     373  1.57403201793343       0.000585065260923492   0.00468847975868647  
     374  1.5782605986268        0.000565581544328084   0.00452777739156509  
     375  1.58248917932017       0.000546764778086352   0.00437299133036254  
     376  1.58671776001354       0.000528590440243817   0.00422388882027262  
     377  1.5909463407069        0.000511034972315757   0.00408024684819233  
     378  1.59517492140027       0.000494075739014471   0.00394185171064335  
     379  1.59940350209364       0.000477690989760493   0.00380849860193233  
     380  1.60363208278701       0.000461859821894264   0.0036799912215515   
     381  1.60786066348038       0.000446562145508942   0.00355614139987352  
     382  1.61208924417375       0.000431778649828904   0.00343676874124289  
     383  1.61631782486712       0.000417490771062193   0.0033217002836129   
     384  1.62054640556049       0.000403680661658665   0.00321077017392029  
     385  1.62477498625386       0.000390331160908914   0.00310381935843171  
     386  1.62900356694723       0.00037742576682224    0.00300069528733488  
     387  1.6332321476406        0.000364948609224871   0.00290125163288456  
     388  1.63746072833397       0.000352884424022534   0.00280534802044846  
     389  1.64168930902734       0.00034121852857414    0.00271284977183153  
     390  1.64591788972071       0.000329936798125937   0.00262362766028832  
     391  1.65014647041408       0.000319025643257882   0.00253755767666323  
     392  1.65437505110745       0.00030847198829634    0.00245452080612629  
     393  1.65860363180082       0.000298263250649348   0.00237440281499908  
     394  1.66283221249419       0.000288387321022828   0.0022970940471907   
     395  1.66706079318755       0.000278832544478082   0.00222248922978751  
     396  1.67128937388092       0.000269587702292769   0.00215048728736349  
     397  1.67551795457429       0.000260641994589384   0.00208099116459894  
     398  1.67974653526766       0.000251985023696938   0.00201390765681657  
     399  1.68397511596103       0.000243606778213135   0.0019491472480624   
     400  1.6882036966544        0.00023549761773593    0.00188662395637827  
     401  1.69243227734777       0.000227648258234742   0.00182625518592918  
     402  1.69666085804114       0.000220049758033037   0.00176796158566599  
     403  1.70088943873451       0.000212693504375283   0.00171166691421923  
     404  1.70511801942788       0.000205571200552559   0.00165729791073481  
     405  1.70934660012125       0.000198674853562262   0.00160478417137634  
     406  1.71357518081462       0.000191996762278522   0.00155405803123251  
     407  1.71780376150799       0.000185529506110986   0.00150505445138019  
     408  1.72203234220136       0.000179265934130696   0.0014577109108664   
     409  1.72626092289473       0.000173199154642719   0.00141196730338352  
     410  1.7304895035881        0.000167322525186158   0.00136776583842295  
     411  1.73471808428147       0.00016162964294303    0.00132505094670287  
     412  1.73894666497484       0.000156114335538364   0.00128376918967556  
     413  1.7431752456682        0.000150770652214657   0.00124386917292881  
     414  1.74740382636157       0.000145592855364592   0.00120530146330507  
     415  1.75163240705494       0.000140575412406666   0.00116801850957031  
     416  1.75586098774831       0.000135712987989058   0.00113197456647233  
     417  1.76008956844168       0.000131000436507718   0.0010971256220362   
     418  1.76431814913505       0.000126432794925316   0.00106342932795142  
     419  1.76854672982842       0.000122005275878249   0.00103084493291237  
     420  1.77277531052179       0.00011771326105953    0.000999333218780166 
     421  1.77700389121516       0.000113552294865865   0.000968856439440015 
     422  1.78123247190853       0.000109518078297797   0.000939378262234419 
     423  1.7854610526019        0.000105606463102256   0.000910863711857777 
     424  1.78968963329527       0.00010181344614735    0.000883279116603554 
     425  1.79391821398864       9.81351640196575e-05   0.000856592056860074 
     426  1.79814679468201       9.45678878347378e-05   0.00083077131575591  
     427  1.80237537537538       9.11080182519546e-05   0.000805786831860356 
     428  1.80660395606875       8.7752080685133e-05    0.000781609653848921 
     429  1.81083253676212       8.44967207009092e-05   0.000758211897047808 
     430  1.81506111745548       8.13386995970101e-05   0.000735566701775404 
     431  1.81928969814885       7.82748901530262e-05   0.000713648193402496 
     432  1.82351827884222       7.5302272546575e-05    0.000692431444056579 
     433  1.82774685953559       7.2417930428047e-05    0.00067189243589891  
     434  1.83197544022896       6.96190471474357e-05   0.000652008025906358 
     435  1.83620402092233       6.69029021270218e-05   0.000632755912093058 
     436  1.8404326016157        6.42668673739589e-05   0.000614114601109907 
     437  1.84466118230907       6.17084041270582e-05   0.000596063377162702 
     438  1.84888976300244       5.92250596323175e-05   0.000578582272192389 
     439  1.85311834369581       5.6814464041972e-05    0.000561652037263467 
     440  1.85734692438918       5.44743274320697e-05   0.000545254115108989 
     441  1.86157550508255       5.2202436933783e-05    0.000529370613782913 
     442  1.86580408577592       4.99966539738765e-05   0.000513984281372766 
     443  1.87003266646929       4.7854911620021e-05    0.000499078474302755 
     444  1.87426124716266       4.5775388676921e-05    0.000484513467839905 
     445  1.87848982785603       4.37569990074536e-05   0.000470164151476503 
     446  1.8827184085494        4.17988305486284e-05   0.000456030525212551 
     447  1.88694698924277       3.9899971237455e-05    0.000442112589048046 
     448  1.89117556993613       3.80595090109433e-05   0.000428410342982991 
     449  1.8954041506295        3.62765318061029e-05   0.000414923787017383 
     450  1.89963273132287       3.45501275599436e-05   0.000401652921151225 
     451  1.90386131201624       3.28793842094752e-05   0.000388597745384516 
     452  1.90808989270961       3.12633896917072e-05   0.000375758259717255 
     453  1.91231847340298       2.97012319436494e-05   0.000363134464149442 
     454  1.91654705409635       2.81919989023116e-05   0.000350726358681078 
     455  1.92077563478972       2.67347785047036e-05   0.000338533943312163 
     456  1.92500421548309       2.53286586878348e-05   0.000326557218042696 
     457  1.92923279617646       2.39727273887152e-05   0.000314796182872678 
     458  1.93346137686983       2.26660725443544e-05   0.000303250837802109 
     459  1.9376899575632        2.14077820917623e-05   0.000291921182830989 
     460  1.94191853825657       2.01969439679484e-05   0.000280807217959316 
     461  1.94614711894994       1.90326461099224e-05   0.000269908943187093 
     462  1.95037569964331       1.79139764546942e-05   0.000259226358514318 
     463  1.95460428033668       1.68400229392735e-05   0.000248759463940992 
     464  1.95883286103005       1.58098735006698e-05   0.000238508259467114 
     465  1.96306144172341       1.48226160758931e-05   0.000228472745092685 
     466  1.96729002241678       1.3877338601953e-05    0.000218652920817704 
     467  1.97151860311015       1.29731290158592e-05   0.000209048786642173 
     468  1.97574718380352       1.21090752546215e-05   0.00019966034256609  
     469  1.97997576449689       1.12842652552495e-05   0.000190487588589455 
     470  1.98420434519026       1.04977869547529e-05   0.000181530524712269 
     471  1.98843292588363       9.74872829014166e-06   0.000172789150934532 
     472  1.992661506577         9.03617719842527e-06   0.000164263467256243 
     473  1.99689008727037       8.35922161661353e-06   0.000155953473677403 
     474  2.00111866796374       7.71694948171616e-06   0.000147859170198012 
     475  2.00534724865711       7.10844873074291e-06   0.000139980556818069 
     476  2.00957582935048       6.53280730070346e-06   0.000132317633537575 
     477  2.01380441004385       5.98911312860748e-06   0.000124870400356529 
     478  2.01803299073722       5.47645415146481e-06   0.000117638857274933 
     479  2.02226157143059       4.99391830628511e-06   0.000110623004292785 
     480  2.02649015212396       4.5405935300781e-06    0.000103822841410085 
     481  2.03071873281733       4.11556775985345e-06   9.72383686268337e-05 
     482  2.0349473135107        3.71792893262098e-06   9.08695859430316e-05 
     483  2.03917589420406       3.34676498539036e-06   8.4716493358678e-05  
     484  2.04340447489743       3.00116385517128e-06   7.87790908737724e-05 
     485  2.0476330555908        2.68021347897353e-06   7.3057378488316e-05  
     486  2.05186163628417       2.38300179380679e-06   6.75513562023083e-05 
     487  2.05609021697754       2.10861673668076e-06   6.22610240157487e-05 
     488  2.06031879767091       1.85614624460521e-06   5.71863819286382e-05 
     489  2.06454737836428       1.62467825458983e-06   5.23274299409763e-05 
     490  2.06877595905765       1.41330070364433e-06   4.76841680527625e-05 
     491  2.07300453975102       1.22110152877847e-06   4.32565962639979e-05 
     492  2.07723312044439       1.04716866700193e-06   3.90447145746814e-05 
     493  2.08146170113776       8.90590055324486e-07   3.50485229848144e-05 
     494  2.08569028183113       7.50453630755786e-07   3.12680214943952e-05 
     495  2.0899188625245        6.258473303056e-07     2.77032101034251e-05 
     496  2.09414744321787       5.15859090983633e-07   2.43540888119035e-05 
     497  2.09837602391124       4.19576849799598e-07   2.12206576198302e-05 
     498  2.10260460460461       3.36088543763235e-07   1.83029165272059e-05 
     499  2.10683318529798       2.64482109884247e-07   1.56008655340299e-05 
     500  2.11106176599134       2.03845485172369e-07   1.31145046403028e-05 
     501  2.11529034668471       1.53266606637315e-07   1.08438338460243e-05 
     502  2.11951892737808       1.11833411288804e-07   8.78885315119442e-06 
     503  2.12374750807145       7.86338361365547e-08   6.94956255581297e-06 
     504  2.12797608876482       5.27558181902945e-08   5.32596205988033e-06 
     505  2.13220466945819       3.32872944597403e-08   3.91805166339631e-06 
     506  2.13643325015156       1.93162019546114e-08   2.72583136636078e-06 
     507  2.14066183084493       9.93047768463155e-09   1.74930116877399e-06 
     508  2.1448904115383        4.21805865951916e-09   9.88461070635747e-07 
     509  2.14911899223167       1.26688188899629e-09   4.43311071946248e-07 
     510  2.15334757292504       1.64884382782287e-10   1.13851172705266e-07 
     511  2.15757615361841       3.15059844764231e-15   8.1372912939148e-11  
     512  2.16180473431178       0                      0                    
     513  2.16603331500515       0                      0                    
     514  2.17026189569852       0                      0                    
     515  2.17449047639189       0                      0                    
     516  2.17871905708526       0                      0                    
     517  2.18294763777863       0                      0                    
     518  2.18717621847199       0                      0                    
     519  2.19140479916536       0                      0                    
     520  2.19563337985873       0                      0                    
     521  2.1998619605521        0                      0                    
     522  2.20409054124547       0                      0                    
     523  2.20831912193884       0                      0                    
     524  2.21254770263221       0                      0                    
     525  2.21677628332558       0                      0                    
     526  2.22100486401895       0                      0                    
     527  2.22523344471232       0                      0                    
     528  2.22946202540569       0                      0                    
     529  2.23369060609906       0                      0                    
     530  2.23791918679243       0                      0                    
     531  2.2421477674858        0                      0                    
     532  2.24637634817917       0                      0                    
     533  2.25060492887254       0                      0                    
     534  2.25483350956591       0                      0                    
     535  2.25906209025927       0                      0                    
     536  2.26329067095264       0                      0                    
     537  2.26751925164601       0                      0                    
     538  2.27174783233938       0                      0                    
     539  2.27597641303275       0                      0                    
     540  2.28020499372612       0                      0                    
     541  2.28443357441949       0                      0                    
     542  2.28866215511286       0                      0                    
     543  2.29289073580623       0                      0                    
     544  2.2971193164996        0                      0                    
     545  2.30134789719297       0                      0                    
     546  2.30557647788634       0                      0                    
     547  2.30980505857971       0                      0                    
     548  2.31403363927308       0                      0                    
     549  2.31826221996645       0                      0                    
     550  2.32249080065982       0                      0                    
     551  2.32671938135319       0                      0                    
     552  2.33094796204655       0                      0                    
     553  2.33517654273992       0                      0                    
     554  2.33940512343329       0                      0                    
     555  2.34363370412666       0                      0                    
     556  2.34786228482003       0                      0                    
     557  2.3520908655134        0                      0                    
     558  2.35631944620677       0                      0                    
     559  2.36054802690014       0                      0                    
     560  2.36477660759351       0                      0                    
     561  2.36900518828688       0                      0                    
     562  2.37323376898025       0                      0                    
     563  2.37746234967362       0                      0                    
     564  2.38169093036699       0                      0                    
     565  2.38591951106036       0                      0                    
     566  2.39014809175373       0                      0                    
     567  2.3943766724471        0                      0                    
     568  2.39860525314047       0                      0                    
     569  2.40283383383384       0                      0                    
     570  2.4070624145272        0                      0                    
     571  2.41129099522057       0                      0                    
     572  2.41551957591394       0                      0                    
     573  2.41974815660731       0                      0                    
     574  2.42397673730068       0                      0                    
     575  2.42820531799405       0                      0                    
     576  2.43243389868742       0                      0                    
     577  2.43666247938079       0                      0                    
     578  2.44089106007416       0                      0                    
     579  2.44511964076753       0                      0                    
     580  2.4493482214609        0                      0                    
     581  2.45357680215427       0                      0                    
     582  2.45780538284764       0                      0                    
     583  2.46203396354101       0                      0                    
     584  2.46626254423438       0                      0                    
     585  2.47049112492775       0                      0                    
     586  2.47471970562112       0                      0                    
     587  2.47894828631448       0                      0                    
     588  2.48317686700785       0                      0                    
     589  2.48740544770122       0                      0                    
     590  2.49163402839459       0                      0                    
     591  2.49586260908796       0                      0                    
     592  2.50009118978133       0                      0                    
     593  2.5043197704747        0                      0                    
     594  2.50854835116807       0                      0                    
     595  2.51277693186144       0                      0                    
     596  2.51700551255481       0                      0                    
     597  2.52123409324818       0                      0                    
     598  2.52546267394155       0                      0                    
     599  2.52969125463492       0                      0                    
     600  2.53391983532829       0                      0                    
     601  2.53814841602166       0                      0                    
     602  2.54237699671503       0                      0                    
     603  2.5466055774084        0                      0                    
     604  2.55083415810177       0                      0                    
     605  2.55506273879513       0                      0                    
     606  2.5592913194885        0                      0                    
     607  2.56351990018187       0                      0                    
     608  2.56774848087524       0                      0                    
     609  2.57197706156861       0                      0                    
     610  2.57620564226198       0                      0                    
     611  2.58043422295535       0                      0                    
     612  2.58466280364872       0                      0                    
     613  2.58889138434209       0                      0                    
     614  2.59311996503546       0                      0                    
     615  2.59734854572883       0                      0                    
     616  2.6015771264222        0                      0                    
     617  2.60580570711557       0                      0                    
     618  2.61003428780894       0                      0                    
     619  2.61426286850231       0                      0                    
     620  2.61849144919568       0                      0                    
     621  2.62272002988905       0                      0                    
     622  2.62694861058242       0                      0                    
     623  2.63117719127578       0                      0                    
     624  2.63540577196915       0                      0                    
     625  2.63963435266252       0                      0                    
     626  2.64386293335589       0                      0                    
     627  2.64809151404926       0                      0                    
     628  2.65232009474263       0                      0                    
     629  2.656548675436         0                      0                    
     630  2.66077725612937       0                      0                    
     631  2.66500583682274       0                      0                    
     632  2.66923441751611       0                      0                    
     633  2.67346299820948       0                      0                    
     634  2.67769157890285       0                      0                    
     635  2.68192015959622       0                      0                    
     636  2.68614874028959       0                      0                    
     637  2.69037732098296       0                      0                    
     638  2.69460590167633       0                      0                    
     639  2.6988344823697        0                      0                    
     640  2.70306306306306       0                      0                    
     641  2.70729164375643       0                      0                    
     642  2.7115202244498        0                      0                    
     643  2.71574880514317       0                      0                    
     644  2.71997738583654       0                      0                    
     645  2.72420596652991       0                      0                    
     646  2.72843454722328       0                      0                    
     647  2.73266312791665       0                      0                    
     648  2.73689170861002       0                      0                    
     649  2.74112028930339       0                      0                    
     650  2.74534886999676       0                      0                    
     651  2.74957745069013       0                      0                    
     652  2.7538060313835        0                      0                    
     653  2.75803461207687       0                      0                    
     654  2.76226319277024       0                      0                    
     655  2.76649177346361       0                      0                    
     656  2.77072035415698       0                      0                    
     657  2.77494893485034       0                      0                    
     658  2.77917751554371       0                      0                    
     659  2.78340609623708       0                      0                    
     660  2.78763467693045       0                      0                    
     661  2.79186325762382       0                      0                    
     662  2.79609183831719       0                      0                    
     663  2.80032041901056       0                      0                    
     664  2.80454899970393       0                      0                    
     665  2.8087775803973        0                      0                    
     666  2.81300616109067       0                      0                    
     667  2.81723474178404       0                      0                    
     668  2.82146332247741       0                      0                    
     669  2.82569190317078       0                      0                    
     670  2.82992048386415       0                      0                    
     671  2.83414906455752       0                      0                    
     672  2.83837764525089       0                      0                    
     673  2.84260622594426       0                      0                    
     674  2.84683480663763       0                      0                    
     675  2.85106338733099       0                      0                    
     676  2.85529196802436       0                      0                    
     677  2.85952054871773       0                      0                    
     678  2.8637491294111        0                      0                    
     679  2.86797771010447       0                      0                    
     680  2.87220629079784       0                      0                    
     681  2.87643487149121       0                      0                    
     682  2.88066345218458       0                      0                    
     683  2.88489203287795       0                      0                    
     684  2.88912061357132       0                      0                    
     685  2.89334919426469       0                      0                    
     686  2.89757777495806       0                      0                    
     687  2.90180635565143       0                      0                    
     688  2.9060349363448        0                      0                    
     689  2.91026351703817       0                      0                    
     690  2.91449209773154       0                      0                    
     691  2.91872067842491       0                      0                    
     692  2.92294925911828       0                      0                    
     693  2.92717783981164       0                      0                    
     694  2.93140642050501       0                      0                    
     695  2.93563500119838       0                      0                    
     696  2.93986358189175       0                      0                    
     697  2.94409216258512       0                      0                    
     698  2.94832074327849       0                      0                    
     699  2.95254932397186       0                      0                    
     700  2.95677790466523       0                      0                    
     701  2.9610064853586        0                      0                    
     702  2.96523506605197       0                      0                    
     703  2.96946364674534       0                      0                    
     704  2.97369222743871       0                      0                    
     705  2.97792080813208       0                      0                    
     706  2.98214938882545       0                      0                    
     707  2.98637796951882       0                      0                    
     708  2.99060655021219       0                      0                    
     709  2.99483513090556       0                      0                    
     710  2.99906371159893       0                      0                    
     711  3.00329229229229       0                      0                    
     712  3.00752087298566       0                      0                    
     713  3.01174945367903       0                      0                    
     714  3.0159780343724        0                      0                    
     715  3.02020661506577       0                      0                    
     716  3.02443519575914       0                      0                    
     717  3.02866377645251       0                      0                    
     718  3.03289235714588       0                      0                    
     719  3.03712093783925       0                      0                    
     720  3.04134951853262       0                      0                    
     721  3.04557809922599       0                      0                    
     722  3.04980667991936       0                      0                    
     723  3.05403526061273       0                      0                    
     724  3.0582638413061        0                      0                    
     725  3.06249242199947       0                      0                    
     726  3.06672100269284       0                      0                    
     727  3.07094958338621       0                      0                    
     728  3.07517816407957       0                      0                    
     729  3.07940674477294       0                      0                    
     730  3.08363532546631       0                      0                    
     731  3.08786390615968       0                      0                    
     732  3.09209248685305       0                      0                    
     733  3.09632106754642       0                      0                    
     734  3.10054964823979       0                      0                    
     735  3.10477822893316       0                      0                    
     736  3.10900680962653       0                      0                    
     737  3.1132353903199        0                      0                    
     738  3.11746397101327       0                      0                    
     739  3.12169255170664       0                      0                    
     740  3.12592113240001       0                      0                    
     741  3.13014971309338       0                      0                    
     742  3.13437829378675       0                      0                    
     743  3.13860687448012       0                      0                    
     744  3.14283545517349       0                      0                    
     745  3.14706403586685       0                      0                    
     746  3.15129261656022       0                      0                    
     747  3.15552119725359       0                      0                    
     748  3.15974977794696       0                      0                    
     749  3.16397835864033       0                      0                    
     750  3.1682069393337        0                      0                    
     751  3.17243552002707       0                      0                    
     752  3.17666410072044       0                      0                    
     753  3.18089268141381       0                      0                    
     754  3.18512126210718       0                      0                    
     755  3.18934984280055       0                      0                    
     756  3.19357842349392       0                      0                    
     757  3.19780700418729       0                      0                    
     758  3.20203558488066       0                      0                    
     759  3.20626416557403       0                      0                    
     760  3.2104927462674        0                      0                    
     761  3.21472132696077       0                      0                    
     762  3.21894990765413       0                      0                    
     763  3.2231784883475        0                      0                    
     764  3.22740706904087       0                      0                    
     765  3.23163564973424       0                      0                    
     766  3.23586423042761       0                      0                    
     767  3.24009281112098       0                      0                    
     768  3.24432139181435       0                      0                    
     769  3.24854997250772       0                      0                    
     770  3.25277855320109       0                      0                    
     771  3.25700713389446       0                      0                    
     772  3.26123571458783       0                      0                    
     773  3.2654642952812        0                      0                    
     774  3.26969287597457       0                      0                    
     775  3.27392145666794       0                      0                    
     776  3.27815003736131       0                      0                    
     777  3.28237861805468       0                      0                    
     778  3.28660719874805       0                      0                    
     779  3.29083577944142       0                      0                    
     780  3.29506436013478       0                      0                    
     781  3.29929294082815       0                      0                    
     782  3.30352152152152       0                      0                    
     783  3.30775010221489       0                      0                    
     784  3.31197868290826       0                      0                    
     785  3.31620726360163       0                      0                    
     786  3.320435844295         0                      0                    
     787  3.32466442498837       0                      0                    
     788  3.32889300568174       0                      0                    
     789  3.33312158637511       0                      0                    
     790  3.33735016706848       0                      0                    
     791  3.34157874776185       0                      0                    
     792  3.34580732845522       0                      0                    
     793  3.35003590914859       0                      0                    
     794  3.35426448984196       0                      0                    
     795  3.35849307053533       0                      0                    
     796  3.3627216512287        0                      0                    
     797  3.36695023192207       0                      0                    
     798  3.37117881261543       0                      0                    
     799  3.3754073933088        0                      0                    
     800  3.37963597400217       0                      0                    
     801  3.38386455469554       0                      0                    
     802  3.38809313538891       0                      0                    
     803  3.39232171608228       0                      0                    
     804  3.39655029677565       0                      0                    
     805  3.40077887746902       0                      0                    
     806  3.40500745816239       0                      0                    
     807  3.40923603885576       0                      0                    
     808  3.41346461954913       0                      0                    
     809  3.4176932002425        0                      0                    
     810  3.42192178093587       0                      0                    
     811  3.42615036162924       0                      0                    
     812  3.43037894232261       0                      0                    
     813  3.43460752301598       0                      0                    
     814  3.43883610370935       0                      0                    
     815  3.44306468440272       0                      0                    
     816  3.44729326509608       0                      0                    
     817  3.45152184578945       0                      0                    
     818  3.45575042648282       0                      0                    
     819  3.45997900717619       0                      0                    
     820  3.46420758786956       0                      0                    
     821  3.46843616856293       0                      0                    
     822  3.4726647492563        0                      0                    
     823  3.47689332994967       0                      0                    
     824  3.48112191064304       0                      0                    
     825  3.48535049133641       0                      0                    
     826  3.48957907202978       0                      0                    
     827  3.49380765272315       0                      0                    
     828  3.49803623341652       0                      0                    
     829  3.50226481410989       0                      0                    
     830  3.50649339480326       0                      0                    
     831  3.51072197549663       0                      0                    
     832  3.51495055619          0                      0                    
     833  3.51917913688336       0                      0                    
     834  3.52340771757673       0                      0                    
     835  3.5276362982701        0                      0                    
     836  3.53186487896347       0                      0                    
     837  3.53609345965684       0                      0                    
     838  3.54032204035021       0                      0                    
     839  3.54455062104358       0                      0                    
     840  3.54877920173695       0                      0                    
     841  3.55300778243032       0                      0                    
     842  3.55723636312369       0                      0                    
     843  3.56146494381706       0                      0                    
     844  3.56569352451043       0                      0                    
     845  3.5699221052038        0                      0                    
     846  3.57415068589717       0                      0                    
     847  3.57837926659054       0                      0                    
     848  3.58260784728391       0                      0                    
     849  3.58683642797728       0                      0                    
     850  3.59106500867065       0                      0                    
     851  3.59529358936401       0                      0                    
     852  3.59952217005738       0                      0                    
     853  3.60375075075075       0                      0                    
     854  3.60797933144412       0                      0                    
     855  3.61220791213749       0                      0                    
     856  3.61643649283086       0                      0                    
     857  3.62066507352423       0                      0                    
     858  3.6248936542176        0                      0                    
     859  3.62912223491097       0                      0                    
     860  3.63335081560434       0                      0                    
     861  3.63757939629771       0                      0                    
     862  3.64180797699108       0                      0                    
     863  3.64603655768445       0                      0                    
     864  3.65026513837782       0                      0                    
     865  3.65449371907119       0                      0                    
     866  3.65872229976456       0                      0                    
     867  3.66295088045792       0                      0                    
     868  3.66717946115129       0                      0                    
     869  3.67140804184466       0                      0                    
     870  3.67563662253803       0                      0                    
     871  3.6798652032314        0                      0                    
     872  3.68409378392477       0                      0                    
     873  3.68832236461814       0                      0                    
     874  3.69255094531151       0                      0                    
     875  3.69677952600488       0                      0                    
     876  3.70100810669825       0                      0                    
     877  3.70523668739162       0                      0                    
     878  3.70946526808499       0                      0                    
     879  3.71369384877836       0                      0                    
     880  3.71792242947173       0                      0                    
     881  3.7221510101651        0                      0                    
     882  3.72637959085847       0                      0                    
     883  3.73060817155184       0                      0                    
     884  3.73483675224521       0                      0                    
     885  3.73906533293857       0                      0                    
     886  3.74329391363194       0                      0                    
     887  3.74752249432531       0                      0                    
     888  3.75175107501868       0                      0                    
     889  3.75597965571205       0                      0                    
     890  3.76020823640542       0                      0                    
     891  3.76443681709879       0                      0                    
     892  3.76866539779216       0                      0                    
     893  3.77289397848553       0                      0                    
     894  3.7771225591789        0                      0                    
     895  3.78135113987227       0                      0                    
     896  3.78557972056564       0                      0                    
     897  3.78980830125901       0                      0                    
     898  3.79403688195238       0                      0                    
     899  3.79826546264575       0                      0                    
     900  3.80249404333912       0                      0                    
     901  3.80672262403249       0                      0                    
     902  3.81095120472586       0                      0                    
     903  3.81517978541922       0                      0                    
     904  3.81940836611259       0                      0                    
     905  3.82363694680596       0                      0                    
     906  3.82786552749933       0                      0                    
     907  3.8320941081927        0                      0                    
     908  3.83632268888607       0                      0                    
     909  3.84055126957944       0                      0                    
     910  3.84477985027281       0                      0                    
     911  3.84900843096618       0                      0                    
     912  3.85323701165955       0                      0                    
     913  3.85746559235292       0                      0                    
     914  3.86169417304629       0                      0                    
     915  3.86592275373966       0                      0                    
     916  3.87015133443303       0                      0                    
     917  3.8743799151264        0                      0                    
     918  3.87860849581977       0                      0                    
     919  3.88283707651314       0                      0                    
     920  3.8870656572065        0                      0                    
     921  3.89129423789987       0                      0                    
     922  3.89552281859324       0                      0                    
     923  3.89975139928661       0                      0                    
     924  3.90397997997998       0                      0                    
     925  3.90820856067335       0                      0                    
     926  3.91243714136672       0                      0                    
     927  3.91666572206009       0                      0                    
     928  3.92089430275346       0                      0                    
     929  3.92512288344683       0                      0                    
     930  3.9293514641402        0                      0                    
     931  3.93358004483357       0                      0                    
     932  3.93780862552694       0                      0                    
     933  3.94203720622031       0                      0                    
     934  3.94626578691368       0                      0                    
     935  3.95049436760705       0                      0                    
     936  3.95472294830042       0                      0                    
     937  3.95895152899379       0                      0                    
     938  3.96318010968715       0                      0                    
     939  3.96740869038052       0                      0                    
     940  3.97163727107389       0                      0                    
     941  3.97586585176726       0                      0                    
     942  3.98009443246063       0                      0                    
     943  3.984323013154         0                      0                    
     944  3.98855159384737       0                      0                    
     945  3.99278017454074       0                      0                    
     946  3.99700875523411       0                      0                    
     947  4.00123733592748       0                      0                    
     948  4.00546591662085       0                      0                    
     949  4.00969449731422       0                      0                    
     950  4.01392307800759       0                      0                    
     951  4.01815165870096       0                      0                    
     952  4.02238023939433       0                      0                    
     953  4.0266088200877        0                      0                    
     954  4.03083740078107       0                      0                    
     955  4.03506598147444       0                      0                    
     956  4.0392945621678        0                      0                    
     957  4.04352314286117       0                      0                    
     958  4.04775172355454       0                      0                    
     959  4.05198030424791       0                      0                    
     960  4.05620888494128       0                      0                    
     961  4.06043746563465       0                      0                    
     962  4.06466604632802       0                      0                    
     963  4.06889462702139       0                      0                    
     964  4.07312320771476       0                      0                    
     965  4.07735178840813       0                      0                    
     966  4.0815803691015        0                      0                    
     967  4.08580894979487       0                      0                    
     968  4.09003753048824       0                      0                    
     969  4.09426611118161       0                      0                    
     970  4.09849469187498       0                      0                    
     971  4.10272327256835       0                      0                    
     972  4.10695185326172       0                      0                    
     973  4.11118043395509       0                      0                    
     974  4.11540901464845       0                      0                    
     975  4.11963759534182       0                      0                    
     976  4.12386617603519       0                      0                    
     977  4.12809475672856       0                      0                    
     978  4.13232333742193       0                      0                    
     979  4.1365519181153        0                      0                    
     980  4.14078049880867       0                      0                    
     981  4.14500907950204       0                      0                    
     982  4.14923766019541       0                      0                    
     983  4.15346624088878       0                      0                    
     984  4.15769482158215       0                      0                    
     985  4.16192340227552       0                      0                    
     986  4.16615198296889       0                      0                    
     987  4.17038056366226       0                      0                    
     988  4.17460914435563       0                      0                    
     989  4.178837725049         0                      0                    
     990  4.18306630574237       0                      0                    
     991  4.18729488643573       0                      0                    
     992  4.1915234671291        0                      0                    
     993  4.19575204782247       0                      0                    
     994  4.19998062851584       0                      0                    
     995  4.20420920920921       0                      0                    
     996  4.20843778990258       0                      0                    
     997  4.21266637059595       0                      0                    
     998  4.21689495128932       0                      0                    
     999  4.22112353198269       0                      0                    
    1000  4.22535211267606       0                      0                    
