# DATE: 2025-02-02 UNITS: lj Created by pair_write
# Pair potential ntw for atom types 1 2: i,r,energy,force

NTW
N 1000 R 0.001 4.22535211267606

       1  0.001                  4.59794955313359e+33   5.51753946376031e+37 
       2  0.00522858069336943    1.10143385891014e+25   2.52787650837879e+28 
       3  0.00945716138673886    8.98327299686652e+21   1.1398692647494e+25  
       4  0.0136857420801083     1.06498622131758e+20   9.33806481522062e+22 
       5  0.0179143227734777     4.20881137157523e+18   2.81929365445953e+21 
       6  0.0221429034668471     3.30940102974925e+17   1.79347810396885e+20 
       7  0.0263714841602166     4.06395907564746e+16   1.84925160844371e+19 
       8  0.030600064853586      6.82175335594188e+15   2.67519180402863e+18 
       9  0.0348286455469554     1.44319534776355e+15   4.97244294684684e+17 
      10  0.0390572262403249     364877700238194        1.12105579064724e+17 
      11  0.0432858069336943     106271737003611        2.94614155862451e+16 
      12  0.0475143876270637     34726595186579.9       8.77038169418936e+15 
      13  0.0517429683204331     12483820932811.4       2.89519445660449e+15 
      14  0.0559715490138026     4863571704342.08       1.04272485404309e+15 
      15  0.060200129707172      2029521164880.76       404555537869996      
      16  0.0644287104005414     898687485681.504       167383106480704      
      17  0.0686572910939109     419103170238.991       73251609433877.7     
      18  0.0728858717872803     204568737593.541       33680576024329.7     
      19  0.0771144524806497     103974837668.119       16179944096667.5     
      20  0.0813430331740191     54791193548.4233       8083067195474.02     
      21  0.0855716138673886     29826013428.7542       4182663168591.83     
      22  0.089800194560758      16719389541.7586       2234254349714.31     
      23  0.0940287752541274     9625275378.92827       1228413196861.4      
      24  0.0982573559474968     5677473104.64785       693402457955.387     
      25  0.102485936640866      3424179699.0694        400951367896.347     
      26  0.106714517334236      2107831096.47525       237037315694.072     
      27  0.110943098027605      1322215430.11315       143025157425.606     
      28  0.115171678720975      844000302.26875        87945732425.247      
      29  0.119400259414344      547532663.467196       55034049878.2979     
      30  0.123628840107713      360590784.518433       35005162617.555      
      31  0.127857420801083      240832908.808251       22606831234.2803     
      32  0.132086001494452      162973135.440855       14808934475.0261     
      33  0.136314582187822      111649053.629122       9830931370.51925     
      34  0.140543162881191      77375889.3869417       6608427500.60979     
      35  0.144771743574561      54208772.3827432       4494811906.0403      
      36  0.14900032426793       38368441.5341166       3091291538.77546     
      37  0.153228904961299      27420130.6888967       2148390723.56294     
      38  0.157457485654669      19775433.7780634       1507937133.82448     
      39  0.161686066348038      14385736.8680582       1068369117.62107     
      40  0.165914647041408      10550972.0442865       763689135.967525     
      41  0.170143227734777      7798774.00375929       550521148.75489      
      42  0.174371808428147      5807190.30027908       400048545.084125     
      43  0.178600389121516      4354675.96001102       292930611.637767     
      44  0.182828969814885      3287385.37143178       216059795.936987     
      45  0.187057550508255      2497554.82855535       160470303.993979     
      46  0.191286131201624      1909073.14984616       119975044.378842     
      47  0.195514711894994      1467759.05372998       90268351.0765404     
      48  0.199743292588363      1134750.80592194       68329665.7443467     
      49  0.203971873281733      881973.109348876       52023609.7286302     
      50  0.208200453975102      689002.843438778       39829422.7360777     
      51  0.212429034668471      540884.884282609       30656390.0767016     
      52  0.216657615361841      426598.501776082       23716921.0157947     
      53  0.22088619605521       337972.747873859       18438600.4285139     
      54  0.22511477674858       268914.049377008       14402797.086625      
      55  0.229343357441949      214852.462486831       11301506.1760323     
      56  0.233571938135319      172342.138629485       8906803.73026411     
      57  0.237800518828688      138771.274993965       7049085.86316767     
      58  0.242029099522057      112150.295546352       5601468.62473454     
      59  0.246257680215427      90956.2766183232       4468536.469777       
      60  0.250486260908796      74018.0514811855       3578179.65142032     
      61  0.254714841602166      60430.9054169328       2875639.09627233     
      62  0.258943422295535      49492.9149000946       2319138.10026782     
      63  0.263172002988905      40657.2033593477       1876661.15313929     
      64  0.267400583682274      33495.9622559408       1523566.57249291     
      65  0.271629164375643      27673.2124682932       1240808.41279834     
      66  0.275857745069013      22924.0901840648       1013605.85714137     
      67  0.280086325762382      19039.0260626923       830442.89069044      
      68  0.284314906455752      15851.6109183659       682312.919926791     
      69  0.288543487149121      13229.250981188        562145.893891584     
      70  0.292772067842491      11065.9430137271       464372.014475777     
      71  0.29700064853586       9276.66699995916       384588.119515301     
      72  0.301229229229229      7793.01808003177       319301.570920772     
      73  0.305457809922599      6559.79158015827       265732.889758397     
      74  0.309686390615968      5532.30382776421       221663.097764647     
      75  0.313914971309338      4674.28307185314       185315.212307282     
      76  0.318143552002707      3956.20370883467       155261.931102674     
      77  0.322372132696077      3353.96640961109       130353.473443966     
      78  0.326600713389446      2847.84905423483       109660.989781043     
      79  0.330829294082815      2421.67037725524       92432.0375263229     
      80  0.335057874776185      2062.12122289867       78055.4402900639     
      81  0.339286455469554      1758.22828156302       66033.4681837259     
      82  0.343515036162924      1500.9228577715        55959.7483637325     
      83  0.347743616856293      1282.69315222946       47501.6746275831     
      84  0.351972197549663      1097.30313911621       40386.3601200274     
      85  0.356200778243032      939.564695614895       34389.3885726112     
      86  0.360429358936401      805.152430032893       29325.7823438822     
      87  0.364657939629771      690.452837317141       25042.7313904491     
      88  0.36888652032314       592.441123442746       21413.724883015      
      89  0.37311510101651       508.580388066245       18333.8030708293     
      90  0.377343681709879      436.738918673123       15715.7061913877     
      91  0.381572262403249      375.122191401237       13486.743526941      
      92  0.385800843096618      322.21684186325        11586.2420345524     
      93  0.390029423789987      276.744400900041       9963.46255181401     
      94  0.394258004483357      237.623014261471       8575.89412013563     
      95  0.398486585176726      203.935704338036       7387.85479362244     
      96  0.402715165870096      174.904003935647       6369.34143617072     
      97  0.406943746563465      149.866010559126       5495.08224534972     
      98  0.411172327256835      128.258085647497       4743.7546954305      
      99  0.415400907950204      109.599565277527       4097.3387443728      
     100  0.419629488643573      93.4799638112801       3540.58087661215     
     101  0.423858069336943      79.5482451878585       3060.54914980029     
     102  0.428086650030312      67.503812321234        2646.26311085551     
     103  0.432315230723682      57.088926765955        2288.38542725795     
     104  0.436543811417051      48.0823211642287       1978.96448760686     
     105  0.440772392110421      40.2938081616837       1711.21917514828     
     106  0.44500097280379       33.5597232145908       1479.35859983442     
     107  0.449229553497159      27.7390664058018       1278.43086051022     
     108  0.453458134190529      22.7102311651481       1104.19595645585     
     109  0.457686714883898      18.3682265599891       953.018822613112     
     110  0.461915295577268      14.6223153166768       821.7791621191       
     111  0.466143876270637      11.394002548141        707.7953227273       
     112  0.470372456964007      8.61532077893988       608.759934010099     
     113  0.474601037657376      6.22736566917892       522.685408995206     
     114  0.478829618350745      4.17904416227133       447.857732502909     
     115  0.483058199044115      2.42600287945936       382.797221385973     
     116  0.487286779737484      0.929709669683003      326.225159231803     
     117  0.491515360430854     -0.343334528444891      277.035388069435     
     118  0.495743941124223     -1.42227280166722       234.27008890483      
     119  0.499972521817593     -2.33247466519907       197.099106924483     
     120  0.504201102510962     -3.0960375659615        164.802280399237     
     121  0.508429683204331     -3.73221919775821       136.754318318228     
     122  0.512658263897701     -4.25781057265202       112.411843561836     
     123  0.51688684459107      -4.68745830307589       91.3022784235586     
     124  0.52111542528444      -5.03394329190944       73.0142995206067     
     125  0.525344005977809     -5.30842196515624       57.189631244002      
     126  0.529572586671179     -5.52063528261219       43.51598225374       
     127  0.533801167364548     -5.67908999990469       31.7209592486571     
     128  0.538029748057917     -5.79121600872926       21.5668172651963     
     129  0.542258328751287     -5.8635030328232        12.8459268557991     
     130  0.546486909444656     -5.9016194899803        5.37685630637223     
     131  0.550715490138026     -5.91051593248412      -0.999017894798314    
     132  0.554944070831395     -5.89451513903001      -6.42044638440823     
     133  0.559172651524765     -5.85739064154262      -11.0088512995983     
     134  0.563401232218134     -5.80243522272446      -14.8705337934925     
     135  0.567629812911503     -5.73252070833644      -18.0985910015388     
     136  0.571858393604873     -5.65015019675079      -20.7745821513935     
     137  0.576086974298242     -5.55750371270545      -22.9699778737801     
     138  0.580315554991612     -5.45647813860067      -24.7474219677046     
     139  0.584544135684981     -5.34872216187509      -26.1618307733086     
     140  0.588772716378351     -5.23566687823607      -27.2613518024479     
     141  0.59300129707172      -5.11855260546964      -28.0882002806005     
     142  0.59722987776509      -4.99845238924188      -28.6793896878738     
     143  0.601458458458459     -4.87629261904436      -29.0673701874735     
     144  0.605687039151828     -4.75287111779949      -29.2805869427153     
     145  0.609915619845198     -4.62887302140869      -29.3439687025512     
     146  0.614144200538567     -4.50488472365404      -29.2793556417002     
     147  0.618372781231937     -4.3814061264661       -29.1058742417784     
     148  0.622601361925306     -4.25886140488371      -28.8402659662585     
     149  0.626829942618675     -4.13760846940829      -28.4971755907944     
     150  0.631058523312045     -4.01794728533491      -28.0894042811169     
     151  0.635287104005414     -3.90012718854949      -27.6281318460357     
     152  0.639515684698784     -3.78435331980337      -27.1231120183102     
     153  0.643744265392153     -3.67079228426238      -26.5828441186811     
     154  0.647972846085523     -3.55957712987184      -26.0147240273981     
     155  0.652201426778892     -3.45081172652201      -25.4251770139385     
     156  0.656430007472261     -3.34457461791452      -24.8197746513737     
     157  0.660658588165631     -3.24092240922452      -24.2033377602493     
     158  0.664887168859        -3.13989274595923      -23.5800270820897     
     159  0.66911574955237      -3.04150693268473      -22.9534231697215     
     160  0.673344330245739     -2.94577223440524      -22.3265967962613     
     161  0.677572910939109     -2.85268389822336      -21.7021710231163     
     162  0.681801491632478     -2.76222692839217      -21.0823759265469     
     163  0.686030072325847     -2.6743776439092       -20.469096859477      
     164  0.690258653019217     -2.58910504432671      -19.8639170179579     
     165  0.694487233712586     -2.50637200640234      -19.268154987947      
     166  0.698715814405956     -2.42613633153394      -18.6828978660901     
     167  0.702944395099325     -2.34835166156713      -18.1090304764665     
     168  0.707172975792695     -2.27296827849254      -17.547261142448      
     169  0.711401556486064     -2.19993380172732      -16.9981444177907     
     170  0.715630137179433     -2.12919379507053      -16.4621011328281     
     171  0.719858717872803     -2.0606922940091       -15.9394360693014     
     172  0.724087298566172     -1.99437226280494      -15.4303535402032     
     173  0.728315879259542     -1.93017598969628      -14.9349711183681     
     174  0.732544459952911     -1.86804542757697      -14.4533317288524     
     175  0.736773040646281     -1.80792248666316      -13.985414294917      
     176  0.74100162133965      -1.74974928490173      -13.5311431052255     
     177  0.745230202033019     -1.69346836120842      -13.0903960503251     
     178  0.749458782726389     -1.63902285603465      -12.6630118592598     
     179  0.753687363419758     -1.58635666324157      -12.2487964519938     
     180  0.757915944113128     -1.53541455679922      -11.8475285099409     
     181  0.762144524806497     -1.48614229542223      -11.4589643550947     
     182  0.766373105499867     -1.43848670789262      -11.0828422178342     
     183  0.770601686193236     -1.39239576150207      -10.7188859642808     
     184  0.774830266886606     -1.3478186157635       -10.366808345957      
     185  0.779058847579975     -1.30470566329217      -10.026313827311      
     186  0.783287428273344     -1.26300855953505      -9.6971010403253      
     187  0.787516008966714     -1.22268024283153      -9.37886490980557     
     188  0.791744589660083     -1.18367494611444      -9.07129848797903     
     189  0.795973170353452     -1.14594820140699      -8.77409453262984     
     190  0.800201751046822     -1.10945683813459      -8.48694685910327     
     191  0.804430331740191     -1.07415897614979      -8.20955149306021     
     192  0.808658912433561     -1.04001401426146      -7.94160764780442     
     193  0.81288749312693      -1.00698261496459      -7.68281854729598     
     194  0.8171160738203       -0.975026685982768     -7.4328921135606      
     195  0.821344654513669     -0.944109359161093     -7.19154153507415     
     196  0.825573235207039     -0.91419496718103      -6.95848573081161     
     197  0.829801815900408     -0.885249018510433     -6.73344972297261     
     198  0.834030396593777     -0.857238170949993     -6.51616492990791     
     199  0.838258977287147     -0.830130204091551     -6.30636938945058     
     200  0.842487557980516     -0.803893990963073     -6.10380792168292     
     201  0.846716138673886     -0.778499469099155     -5.90823223913015     
     202  0.850944719367255     -0.753917611244125     -5.71940101144718     
     203  0.855173300060625     -0.730120395866672     -5.53707989084477     
     204  0.859401880753994     -0.70708077764015      -5.3610415037728      
     205  0.863630461447364     -0.684772658020679     -5.19106541373114     
     206  0.867859042140733     -0.663170856035907     -5.02693805950474     
     207  0.872087622834102     -0.642251079380132     -4.86845267260878     
     208  0.876316203527472     -0.621989895896556     -4.71540917727778     
     209  0.880544784220841     -0.602364705514078     -4.56761407592946     
     210  0.884773364914211     -0.58335371269457      -4.4248803226785      
     211  0.88900194560758      -0.564935899436215     -4.28702718715768     
     212  0.893230526300949     -0.547090998869668     -4.15388011062362     
     213  0.897459106994319     -0.52979946947591      -4.025270556075       
     214  0.901687687687688     -0.513042469947857     -3.90103585388995     
     215  0.905916268381058     -0.496801834711834     -3.781019044294       
     216  0.910144849074427     -0.481060050119854     -3.66506871779628     
     217  0.914373429767797     -0.465800231319169     -3.55303885457796     
     218  0.918602010461166     -0.451006099801669     -3.44478866368146     
     219  0.922830591154535     -0.436661961632404     -3.34018242272844     
     220  0.927059171847905     -0.422752686353647     -3.23908931878873     
     221  0.931287752541274     -0.409263686558464     -3.14138329092844     
     222  0.935516333234644     -0.396180898125745     -3.04694287488296     
     223  0.939744913928013     -0.383490761106875     -2.95565105022788     
     224  0.943973494621383     -0.371180201252831     -2.86739509035662     
     225  0.948202075314752     -0.359236612169262     -2.78206641551736     
     226  0.952430656008121     -0.347647838086186     -2.69956044911263     
     227  0.956659236701491     -0.336402157228144     -2.61977647742158     
     228  0.96088781739486      -0.325488265770079     -2.54261751286715     
     229  0.96511639808823      -0.314895262363732     -2.46799016091759     
     230  0.969344978781599     -0.304612633219074     -2.39580449068297     
     231  0.973573559474969     -0.294630237725033     -2.32597390924261     
     232  0.977802140168338     -0.284938294593745     -2.25841503971778     
     233  0.982030720861708     -0.275527368512446     -2.19304760308577     
     234  0.986259301555077     -0.26638835728726      -2.1297943037152      
     235  0.990487882248446     -0.257512479463192     -2.06858071858943     
     236  0.994716462941816     -0.248891262404834     -2.00933519017309     
     237  0.998945043635185     -0.240516530822479     -1.95198872286737     
     238  1.00317362432855      -0.232380395728608     -1.89647488299156     
     239  1.00740220502192      -0.224475243809976     -1.84272970222187     
     240  1.01163078571529      -0.216793727200835     -1.79069158441308     
     241  1.01585936640866      -0.209328753643157     -1.74030121572435     
     242  1.02008794710203      -0.202073477020054     -1.69150147796723     
     243  1.0243165277954       -0.195021288248946     -1.64423736509128     
     244  1.02854510848877      -0.188165806521402     -1.59845590272129     
     245  1.03277368918214      -0.181500870876915     -1.55410607065839     
     246  1.03700226987551      -0.175020532098288     -1.51113872825748     
     247  1.04123085056888      -0.16871904491663      -1.46950654259255     
     248  1.04545943126225      -0.162590860514379     -1.42916391932236     
     249  1.04968801195562      -0.156630619315106     -1.39006693616925     
     250  1.05391659264899      -0.150833144049239     -1.35217327892483     
     251  1.05814517334236      -0.145193433085194     -1.31544217989757     
     252  1.06237375403573      -0.139706654015775     -1.27983435871869     
     253  1.0666023347291       -0.134368137490042     -1.24531196542416     
     254  1.07083091542247      -0.129173371281181     -1.21183852573254     
     255  1.07505949611583      -0.124117994581281     -1.17937888844007     
     256  1.0792880768092       -0.119197803102432     -1.14787455229992     
     257  1.08351665750257      -0.114409510139023     -1.11692414131449     
     258  1.08774523819594      -0.109751199175851     -1.08639671391327     
     259  1.09197381888931      -0.105221081592697     -1.05629227009626     
     260  1.09620239958268      -0.100817368769343     -1.02661080986347     
     261  1.10043098027605      -0.0965382720855716    -0.997352333214893    
     262  1.10465956096942      -0.0923820029211647    -0.968516840150525    
     263  1.10888814166279      -0.0883467726559048    -0.94010433067037     
     264  1.11311672235616      -0.0844307926695741    -0.912114804774428    
     265  1.11734530304953      -0.0806322743419544    -0.884548262462698    
     266  1.1215738837429       -0.0769494290528282    -0.857404703735181    
     267  1.12580246443627      -0.0733804681819776    -0.830684128591877    
     268  1.13003104512964      -0.0699236031091849    -0.804386537032786    
     269  1.13425962582301      -0.0665770452142323    -0.778511929057908    
     270  1.13848820651638      -0.0633390058769016    -0.753060304667242    
     271  1.14271678720975      -0.0602076964769753    -0.728031663860788    
     272  1.14694536790311      -0.0571813283942357    -0.703426006638548    
     273  1.15117394859648      -0.0542581130084646    -0.679243333000519    
     274  1.15540252928985      -0.0514362616994445    -0.655483642946704    
     275  1.15963110998322      -0.0487139858469575    -0.632146936477101    
     276  1.16385969067659      -0.0460894968307859    -0.609233213591711    
     277  1.16808827136996      -0.0435610060307116    -0.586742474290534    
     278  1.17231685206333      -0.0411267248265171    -0.56467471857357     
     279  1.1765454327567       -0.0387848645979843    -0.543029946440817    
     280  1.18077401345007      -0.0365336367248957    -0.521808157892279    
     281  1.18500259414344      -0.0343712525870332    -0.501009352927952    
     282  1.18923117483681      -0.0322959235641791    -0.480633531547837    
     283  1.19345975553018      -0.0303058610361155    -0.460680693751936    
     284  1.19768833622355      -0.0283992763826249    -0.441150839540248    
     285  1.20191691691692      -0.0265743809834891    -0.422043968912771    
     286  1.20614549761029      -0.0248293862184905    -0.403360081869509    
     287  1.21037407830366      -0.0231625034674112    -0.385099178410458    
     288  1.21460265899703      -0.0215719441100335    -0.36726125853562     
     289  1.2188312396904       -0.0200559195261394    -0.349846322244995    
     290  1.22305982038376      -0.0186126410955112    -0.332854369538582    
     291  1.22728840107713      -0.0172403201979311    -0.316285400416382    
     292  1.2315169817705       -0.0159371682131813    -0.300139414878395    
     293  1.23574556246387      -0.0147013965210438    -0.28441641292462     
     294  1.23997414315724      -0.0135312165013011    -0.269116394555059    
     295  1.24420272385061      -0.0124248395337352    -0.254239359769709    
     296  1.24843130454398      -0.0113804769981283    -0.239785308568573    
     297  1.25265988523735      -0.0103963402742625    -0.225754240951649    
     298  1.25688846593072      -0.00947064074192014   -0.212146156918938    
     299  1.26111704662409      -0.00860158978088332   -0.198961056470439    
     300  1.26534562731746      -0.00778739877093431   -0.186198939606154    
     301  1.26957420801083      -0.00702627909185518   -0.17385980632608     
     302  1.2738027887042       -0.00631644212342822   -0.16194365663022     
     303  1.27803136939757      -0.00565609924543553   -0.150450490518572    
     304  1.28225995009094      -0.00504346183765936   -0.139380307991137    
     305  1.28648853078431      -0.00447674127988185   -0.128733109047915    
     306  1.29071711147768      -0.0039541489518852    -0.118508893688905    
     307  1.29494569217105      -0.00347389623345161   -0.108707661914108    
     308  1.29917427286441      -0.00303419450436329   -0.0993294137235234   
     309  1.30340285355778      -0.00263325514440236   -0.0903741491171515   
     310  1.30763143425115      -0.00226928953335105   -0.0818418680949923   
     311  1.31186001494452      -0.00194050905099155   -0.0737325706570461   
     312  1.31608859563789      -0.00164512507710603   -0.0660462568033126   
     313  1.32031717633126      -0.00138134899147667   -0.0587829265337914   
     314  1.32454575702463      -0.00114739217388566   -0.0519425798484829   
     315  1.328774337718        -0.000941466004115198  -0.0455252167473871   
     316  1.33300291841137      -0.000761781861947472  -0.0395308372305043   
     317  1.33723149910474      -0.000606551127164651  -0.0339594412978338   
     318  1.34146007979811      -0.00047398517954893   -0.028811028949376    
     319  1.34568866049148      -0.000362295398882502  -0.0240856001851312   
     320  1.34991724118485      -0.000269693164947544  -0.019783155005099    
     321  1.35414582187822      -0.00019438985752624   -0.0159036934092792   
     322  1.35837440257159      -0.000134596856400781  -0.0124472153976722   
     323  1.36260298326496      -8.85255413533522e-05  -0.0094137209702778   
     324  1.36683156395833      -5.43872921661406e-05  -0.00680321012709612  
     325  1.37106014465169      -3.03934886213327e-05  -0.00461568286812724  
     326  1.37528872534506      -1.47555105011122e-05  -0.00285113919337092  
     327  1.37951730603843      -5.68473758766692e-06  -0.00150957910282735  
     328  1.3837458867318       -1.3925496631819e-06   -0.000591002596496395 
     329  1.38797446742517      -9.03265098437941e-08  -9.54096743781416e-05 
     330  1.39220304811854       0                      0                    
     331  1.39643162881191       0                      0                    
     332  1.40066020950528       0                      0                    
     333  1.40488879019865       0                      0                    
     334  1.40911737089202       0                      0                    
     335  1.41334595158539       0                      0                    
     336  1.41757453227876       0                      0                    
     337  1.42180311297213       0                      0                    
     338  1.4260316936655        0                      0                    
     339  1.43026027435887       0                      0                    
     340  1.43448885505224       0                      0                    
     341  1.43871743574561       0                      0                    
     342  1.44294601643898       0                      0                    
     343  1.44717459713234       0                      0                    
     344  1.45140317782571       0                      0                    
     345  1.45563175851908       0                      0                    
     346  1.45986033921245       0                      0                    
     347  1.46408891990582       0                      0                    
     348  1.46831750059919       0                      0                    
     349  1.47254608129256       0                      0                    
     350  1.47677466198593       0                      0                    
     351  1.4810032426793        0                      0                    
     352  1.48523182337267       0                      0                    
     353  1.48946040406604       0                      0                    
     354  1.49368898475941       0                      0                    
     355  1.49791756545278       0                      0                    
     356  1.50214614614615       0                      0                    
     357  1.50637472683952       0                      0                    
     358  1.51060330753289       0                      0                    
     359  1.51483188822626       0                      0                    
     360  1.51906046891962       0                      0                    
     361  1.52328904961299       0                      0                    
     362  1.52751763030636       0                      0                    
     363  1.53174621099973       0                      0                    
     364  1.5359747916931        0                      0                    
     365  1.54020337238647       0                      0                    
     366  1.54443195307984       0                      0                    
     367  1.54866053377321       0                      0                    
     368  1.55288911446658       0                      0                    
     369  1.55711769515995       0                      0                    
     370  1.56134627585332       0                      0                    
     371  1.56557485654669       0                      0                    
     372  1.56980343724006       0                      0                    
     373  1.57403201793343       0                      0                    
     374  1.5782605986268        0                      0                    
     375  1.58248917932017       0                      0                    
     376  1.58671776001354       0                      0                    
     377  1.5909463407069        0                      0                    
     378  1.59517492140027       0                      0                    
     379  1.59940350209364       0                      0                    
     380  1.60363208278701       0                      0                    
     381  1.60786066348038       0                      0                    
     382  1.61208924417375       0                      0                    
     383  1.61631782486712       0                      0                    
     384  1.62054640556049       0                      0                    
     385  1.62477498625386       0                      0                    
     386  1.62900356694723       0                      0                    
     387  1.6332321476406        0                      0                    
     388  1.63746072833397       0                      0                    
     389  1.64168930902734       0                      0                    
     390  1.64591788972071       0                      0                    
     391  1.65014647041408       0                      0                    
     392  1.65437505110745       0                      0                    
     393  1.65860363180082       0                      0                    
     394  1.66283221249419       0                      0                    
     395  1.66706079318755       0                      0                    
     396  1.67128937388092       0                      0                    
     397  1.67551795457429       0                      0                    
     398  1.67974653526766       0                      0                    
     399  1.68397511596103       0                      0                    
     400  1.6882036966544        0                      0                    
     401  1.69243227734777       0                      0                    
     402  1.69666085804114       0                      0                    
     403  1.70088943873451       0                      0                    
     404  1.70511801942788       0                      0                    
     405  1.70934660012125       0                      0                    
     406  1.71357518081462       0                      0                    
     407  1.71780376150799       0                      0                    
     408  1.72203234220136       0                      0                    
     409  1.72626092289473       0                      0                    
     410  1.7304895035881        0                      0                    
     411  1.73471808428147       0                      0                    
     412  1.73894666497484       0                      0                    
     413  1.7431752456682        0                      0                    
     414  1.74740382636157       0                      0                    
     415  1.75163240705494       0                      0                    
     416  1.75586098774831       0                      0                    
     417  1.76008956844168       0                      0                    
     418  1.76431814913505       0                      0                    
     419  1.76854672982842       0                      0                    
     420  1.77277531052179       0                      0                    
     421  1.77700389121516       0                      0                    
     422  1.78123247190853       0                      0                    
     423  1.7854610526019        0                      0                    
     424  1.78968963329527       0                      0                    
     425  1.79391821398864       0                      0                    
     426  1.79814679468201       0                      0                    
     427  1.80237537537538       0                      0                    
     428  1.80660395606875       0                      0                    
     429  1.81083253676212       0                      0                    
     430  1.81506111745548       0                      0                    
     431  1.81928969814885       0                      0                    
     432  1.82351827884222       0                      0                    
     433  1.82774685953559       0                      0                    
     434  1.83197544022896       0                      0                    
     435  1.83620402092233       0                      0                    
     436  1.8404326016157        0                      0                    
     437  1.84466118230907       0                      0                    
     438  1.84888976300244       0                      0                    
     439  1.85311834369581       0                      0                    
     440  1.85734692438918       0                      0                    
     441  1.86157550508255       0                      0                    
     442  1.86580408577592       0                      0                    
     443  1.87003266646929       0                      0                    
     444  1.87426124716266       0                      0                    
     445  1.87848982785603       0                      0                    
     446  1.8827184085494        0                      0                    
     447  1.88694698924277       0                      0                    
     448  1.89117556993613       0                      0                    
     449  1.8954041506295        0                      0                    
     450  1.89963273132287       0                      0                    
     451  1.90386131201624       0                      0                    
     452  1.90808989270961       0                      0                    
     453  1.91231847340298       0                      0                    
     454  1.91654705409635       0                      0                    
     455  1.92077563478972       0                      0                    
     456  1.92500421548309       0                      0                    
     457  1.92923279617646       0                      0                    
     458  1.93346137686983       0                      0                    
     459  1.9376899575632        0                      0                    
     460  1.94191853825657       0                      0                    
     461  1.94614711894994       0                      0                    
     462  1.95037569964331       0                      0                    
     463  1.95460428033668       0                      0                    
     464  1.95883286103005       0                      0                    
     465  1.96306144172341       0                      0                    
     466  1.96729002241678       0                      0                    
     467  1.97151860311015       0                      0                    
     468  1.97574718380352       0                      0                    
     469  1.97997576449689       0                      0                    
     470  1.98420434519026       0                      0                    
     471  1.98843292588363       0                      0                    
     472  1.992661506577         0                      0                    
     473  1.99689008727037       0                      0                    
     474  2.00111866796374       0                      0                    
     475  2.00534724865711       0                      0                    
     476  2.00957582935048       0                      0                    
     477  2.01380441004385       0                      0                    
     478  2.01803299073722       0                      0                    
     479  2.02226157143059       0                      0                    
     480  2.02649015212396       0                      0                    
     481  2.03071873281733       0                      0                    
     482  2.0349473135107        0                      0                    
     483  2.03917589420406       0                      0                    
     484  2.04340447489743       0                      0                    
     485  2.0476330555908        0                      0                    
     486  2.05186163628417       0                      0                    
     487  2.05609021697754       0                      0                    
     488  2.06031879767091       0                      0                    
     489  2.06454737836428       0                      0                    
     490  2.06877595905765       0                      0                    
     491  2.07300453975102       0                      0                    
     492  2.07723312044439       0                      0                    
     493  2.08146170113776       0                      0                    
     494  2.08569028183113       0                      0                    
     495  2.0899188625245        0                      0                    
     496  2.09414744321787       0                      0                    
     497  2.09837602391124       0                      0                    
     498  2.10260460460461       0                      0                    
     499  2.10683318529798       0                      0                    
     500  2.11106176599134       0                      0                    
     501  2.11529034668471       0                      0                    
     502  2.11951892737808       0                      0                    
     503  2.12374750807145       0                      0                    
     504  2.12797608876482       0                      0                    
     505  2.13220466945819       0                      0                    
     506  2.13643325015156       0                      0                    
     507  2.14066183084493       0                      0                    
     508  2.1448904115383        0                      0                    
     509  2.14911899223167       0                      0                    
     510  2.15334757292504       0                      0                    
     511  2.15757615361841       0                      0                    
     512  2.16180473431178       0                      0                    
     513  2.16603331500515       0                      0                    
     514  2.17026189569852       0                      0                    
     515  2.17449047639189       0                      0                    
     516  2.17871905708526       0                      0                    
     517  2.18294763777863       0                      0                    
     518  2.18717621847199       0                      0                    
     519  2.19140479916536       0                      0                    
     520  2.19563337985873       0                      0                    
     521  2.1998619605521        0                      0                    
     522  2.20409054124547       0                      0                    
     523  2.20831912193884       0                      0                    
     524  2.21254770263221       0                      0                    
     525  2.21677628332558       0                      0                    
     526  2.22100486401895       0                      0                    
     527  2.22523344471232       0                      0                    
     528  2.22946202540569       0                      0                    
     529  2.23369060609906       0                      0                    
     530  2.23791918679243       0                      0                    
     531  2.2421477674858        0                      0                    
     532  2.24637634817917       0                      0                    
     533  2.25060492887254       0                      0                    
     534  2.25483350956591       0                      0                    
     535  2.25906209025927       0                      0                    
     536  2.26329067095264       0                      0                    
     537  2.26751925164601       0                      0                    
     538  2.27174783233938       0                      0                    
     539  2.27597641303275       0                      0                    
     540  2.28020499372612       0                      0                    
     541  2.28443357441949       0                      0                    
     542  2.28866215511286       0                      0                    
     543  2.29289073580623       0                      0                    
     544  2.2971193164996        0                      0                    
     545  2.30134789719297       0                      0                    
     546  2.30557647788634       0                      0                    
     547  2.30980505857971       0                      0                    
     548  2.31403363927308       0                      0                    
     549  2.31826221996645       0                      0                    
     550  2.32249080065982       0                      0                    
     551  2.32671938135319       0                      0                    
     552  2.33094796204655       0                      0                    
     553  2.33517654273992       0                      0                    
     554  2.33940512343329       0                      0                    
     555  2.34363370412666       0                      0                    
     556  2.34786228482003       0                      0                    
     557  2.3520908655134        0                      0                    
     558  2.35631944620677       0                      0                    
     559  2.36054802690014       0                      0                    
     560  2.36477660759351       0                      0                    
     561  2.36900518828688       0                      0                    
     562  2.37323376898025       0                      0                    
     563  2.37746234967362       0                      0                    
     564  2.38169093036699       0                      0                    
     565  2.38591951106036       0                      0                    
     566  2.39014809175373       0                      0                    
     567  2.3943766724471        0                      0                    
     568  2.39860525314047       0                      0                    
     569  2.40283383383384       0                      0                    
     570  2.4070624145272        0                      0                    
     571  2.41129099522057       0                      0                    
     572  2.41551957591394       0                      0                    
     573  2.41974815660731       0                      0                    
     574  2.42397673730068       0                      0                    
     575  2.42820531799405       0                      0                    
     576  2.43243389868742       0                      0                    
     577  2.43666247938079       0                      0                    
     578  2.44089106007416       0                      0                    
     579  2.44511964076753       0                      0                    
     580  2.4493482214609        0                      0                    
     581  2.45357680215427       0                      0                    
     582  2.45780538284764       0                      0                    
     583  2.46203396354101       0                      0                    
     584  2.46626254423438       0                      0                    
     585  2.47049112492775       0                      0                    
     586  2.47471970562112       0                      0                    
     587  2.47894828631448       0                      0                    
     588  2.48317686700785       0                      0                    
     589  2.48740544770122       0                      0                    
     590  2.49163402839459       0                      0                    
     591  2.49586260908796       0                      0                    
     592  2.50009118978133       0                      0                    
     593  2.5043197704747        0                      0                    
     594  2.50854835116807       0                      0                    
     595  2.51277693186144       0                      0                    
     596  2.51700551255481       0                      0                    
     597  2.52123409324818       0                      0                    
     598  2.52546267394155       0                      0                    
     599  2.52969125463492       0                      0                    
     600  2.53391983532829       0                      0                    
     601  2.53814841602166       0                      0                    
     602  2.54237699671503       0                      0                    
     603  2.5466055774084        0                      0                    
     604  2.55083415810177       0                      0                    
     605  2.55506273879513       0                      0                    
     606  2.5592913194885        0                      0                    
     607  2.56351990018187       0                      0                    
     608  2.56774848087524       0                      0                    
     609  2.57197706156861       0                      0                    
     610  2.57620564226198       0                      0                    
     611  2.58043422295535       0                      0                    
     612  2.58466280364872       0                      0                    
     613  2.58889138434209       0                      0                    
     614  2.59311996503546       0                      0                    
     615  2.59734854572883       0                      0                    
     616  2.6015771264222        0                      0                    
     617  2.60580570711557       0                      0                    
     618  2.61003428780894       0                      0                    
     619  2.61426286850231       0                      0                    
     620  2.61849144919568       0                      0                    
     621  2.62272002988905       0                      0                    
     622  2.62694861058242       0                      0                    
     623  2.63117719127578       0                      0                    
     624  2.63540577196915       0                      0                    
     625  2.63963435266252       0                      0                    
     626  2.64386293335589       0                      0                    
     627  2.64809151404926       0                      0                    
     628  2.65232009474263       0                      0                    
     629  2.656548675436         0                      0                    
     630  2.66077725612937       0                      0                    
     631  2.66500583682274       0                      0                    
     632  2.66923441751611       0                      0                    
     633  2.67346299820948       0                      0                    
     634  2.67769157890285       0                      0                    
     635  2.68192015959622       0                      0                    
     636  2.68614874028959       0                      0                    
     637  2.69037732098296       0                      0                    
     638  2.69460590167633       0                      0                    
     639  2.6988344823697        0                      0                    
     640  2.70306306306306       0                      0                    
     641  2.70729164375643       0                      0                    
     642  2.7115202244498        0                      0                    
     643  2.71574880514317       0                      0                    
     644  2.71997738583654       0                      0                    
     645  2.72420596652991       0                      0                    
     646  2.72843454722328       0                      0                    
     647  2.73266312791665       0                      0                    
     648  2.73689170861002       0                      0                    
     649  2.74112028930339       0                      0                    
     650  2.74534886999676       0                      0                    
     651  2.74957745069013       0                      0                    
     652  2.7538060313835        0                      0                    
     653  2.75803461207687       0                      0                    
     654  2.76226319277024       0                      0                    
     655  2.76649177346361       0                      0                    
     656  2.77072035415698       0                      0                    
     657  2.77494893485034       0                      0                    
     658  2.77917751554371       0                      0                    
     659  2.78340609623708       0                      0                    
     660  2.78763467693045       0                      0                    
     661  2.79186325762382       0                      0                    
     662  2.79609183831719       0                      0                    
     663  2.80032041901056       0                      0                    
     664  2.80454899970393       0                      0                    
     665  2.8087775803973        0                      0                    
     666  2.81300616109067       0                      0                    
     667  2.81723474178404       0                      0                    
     668  2.82146332247741       0                      0                    
     669  2.82569190317078       0                      0                    
     670  2.82992048386415       0                      0                    
     671  2.83414906455752       0                      0                    
     672  2.83837764525089       0                      0                    
     673  2.84260622594426       0                      0                    
     674  2.84683480663763       0                      0                    
     675  2.85106338733099       0                      0                    
     676  2.85529196802436       0                      0                    
     677  2.85952054871773       0                      0                    
     678  2.8637491294111        0                      0                    
     679  2.86797771010447       0                      0                    
     680  2.87220629079784       0                      0                    
     681  2.87643487149121       0                      0                    
     682  2.88066345218458       0                      0                    
     683  2.88489203287795       0                      0                    
     684  2.88912061357132       0                      0                    
     685  2.89334919426469       0                      0                    
     686  2.89757777495806       0                      0                    
     687  2.90180635565143       0                      0                    
     688  2.9060349363448        0                      0                    
     689  2.91026351703817       0                      0                    
     690  2.91449209773154       0                      0                    
     691  2.91872067842491       0                      0                    
     692  2.92294925911828       0                      0                    
     693  2.92717783981164       0                      0                    
     694  2.93140642050501       0                      0                    
     695  2.93563500119838       0                      0                    
     696  2.93986358189175       0                      0                    
     697  2.94409216258512       0                      0                    
     698  2.94832074327849       0                      0                    
     699  2.95254932397186       0                      0                    
     700  2.95677790466523       0                      0                    
     701  2.9610064853586        0                      0                    
     702  2.96523506605197       0                      0                    
     703  2.96946364674534       0                      0                    
     704  2.97369222743871       0                      0                    
     705  2.97792080813208       0                      0                    
     706  2.98214938882545       0                      0                    
     707  2.98637796951882       0                      0                    
     708  2.99060655021219       0                      0                    
     709  2.99483513090556       0                      0                    
     710  2.99906371159893       0                      0                    
     711  3.00329229229229       0                      0                    
     712  3.00752087298566       0                      0                    
     713  3.01174945367903       0                      0                    
     714  3.0159780343724        0                      0                    
     715  3.02020661506577       0                      0                    
     716  3.02443519575914       0                      0                    
     717  3.02866377645251       0                      0                    
     718  3.03289235714588       0                      0                    
     719  3.03712093783925       0                      0                    
     720  3.04134951853262       0                      0                    
     721  3.04557809922599       0                      0                    
     722  3.04980667991936       0                      0                    
     723  3.05403526061273       0                      0                    
     724  3.0582638413061        0                      0                    
     725  3.06249242199947       0                      0                    
     726  3.06672100269284       0                      0                    
     727  3.07094958338621       0                      0                    
     728  3.07517816407957       0                      0                    
     729  3.07940674477294       0                      0                    
     730  3.08363532546631       0                      0                    
     731  3.08786390615968       0                      0                    
     732  3.09209248685305       0                      0                    
     733  3.09632106754642       0                      0                    
     734  3.10054964823979       0                      0                    
     735  3.10477822893316       0                      0                    
     736  3.10900680962653       0                      0                    
     737  3.1132353903199        0                      0                    
     738  3.11746397101327       0                      0                    
     739  3.12169255170664       0                      0                    
     740  3.12592113240001       0                      0                    
     741  3.13014971309338       0                      0                    
     742  3.13437829378675       0                      0                    
     743  3.13860687448012       0                      0                    
     744  3.14283545517349       0                      0                    
     745  3.14706403586685       0                      0                    
     746  3.15129261656022       0                      0                    
     747  3.15552119725359       0                      0                    
     748  3.15974977794696       0                      0                    
     749  3.16397835864033       0                      0                    
     750  3.1682069393337        0                      0                    
     751  3.17243552002707       0                      0                    
     752  3.17666410072044       0                      0                    
     753  3.18089268141381       0                      0                    
     754  3.18512126210718       0                      0                    
     755  3.18934984280055       0                      0                    
     756  3.19357842349392       0                      0                    
     757  3.19780700418729       0                      0                    
     758  3.20203558488066       0                      0                    
     759  3.20626416557403       0                      0                    
     760  3.2104927462674        0                      0                    
     761  3.21472132696077       0                      0                    
     762  3.21894990765413       0                      0                    
     763  3.2231784883475        0                      0                    
     764  3.22740706904087       0                      0                    
     765  3.23163564973424       0                      0                    
     766  3.23586423042761       0                      0                    
     767  3.24009281112098       0                      0                    
     768  3.24432139181435       0                      0                    
     769  3.24854997250772       0                      0                    
     770  3.25277855320109       0                      0                    
     771  3.25700713389446       0                      0                    
     772  3.26123571458783       0                      0                    
     773  3.2654642952812        0                      0                    
     774  3.26969287597457       0                      0                    
     775  3.27392145666794       0                      0                    
     776  3.27815003736131       0                      0                    
     777  3.28237861805468       0                      0                    
     778  3.28660719874805       0                      0                    
     779  3.29083577944142       0                      0                    
     780  3.29506436013478       0                      0                    
     781  3.29929294082815       0                      0                    
     782  3.30352152152152       0                      0                    
     783  3.30775010221489       0                      0                    
     784  3.31197868290826       0                      0                    
     785  3.31620726360163       0                      0                    
     786  3.320435844295         0                      0                    
     787  3.32466442498837       0                      0                    
     788  3.32889300568174       0                      0                    
     789  3.33312158637511       0                      0                    
     790  3.33735016706848       0                      0                    
     791  3.34157874776185       0                      0                    
     792  3.34580732845522       0                      0                    
     793  3.35003590914859       0                      0                    
     794  3.35426448984196       0                      0                    
     795  3.35849307053533       0                      0                    
     796  3.3627216512287        0                      0                    
     797  3.36695023192207       0                      0                    
     798  3.37117881261543       0                      0                    
     799  3.3754073933088        0                      0                    
     800  3.37963597400217       0                      0                    
     801  3.38386455469554       0                      0                    
     802  3.38809313538891       0                      0                    
     803  3.39232171608228       0                      0                    
     804  3.39655029677565       0                      0                    
     805  3.40077887746902       0                      0                    
     806  3.40500745816239       0                      0                    
     807  3.40923603885576       0                      0                    
     808  3.41346461954913       0                      0                    
     809  3.4176932002425        0                      0                    
     810  3.42192178093587       0                      0                    
     811  3.42615036162924       0                      0                    
     812  3.43037894232261       0                      0                    
     813  3.43460752301598       0                      0                    
     814  3.43883610370935       0                      0                    
     815  3.44306468440272       0                      0                    
     816  3.44729326509608       0                      0                    
     817  3.45152184578945       0                      0                    
     818  3.45575042648282       0                      0                    
     819  3.45997900717619       0                      0                    
     820  3.46420758786956       0                      0                    
     821  3.46843616856293       0                      0                    
     822  3.4726647492563        0                      0                    
     823  3.47689332994967       0                      0                    
     824  3.48112191064304       0                      0                    
     825  3.48535049133641       0                      0                    
     826  3.48957907202978       0                      0                    
     827  3.49380765272315       0                      0                    
     828  3.49803623341652       0                      0                    
     829  3.50226481410989       0                      0                    
     830  3.50649339480326       0                      0                    
     831  3.51072197549663       0                      0                    
     832  3.51495055619          0                      0                    
     833  3.51917913688336       0                      0                    
     834  3.52340771757673       0                      0                    
     835  3.5276362982701        0                      0                    
     836  3.53186487896347       0                      0                    
     837  3.53609345965684       0                      0                    
     838  3.54032204035021       0                      0                    
     839  3.54455062104358       0                      0                    
     840  3.54877920173695       0                      0                    
     841  3.55300778243032       0                      0                    
     842  3.55723636312369       0                      0                    
     843  3.56146494381706       0                      0                    
     844  3.56569352451043       0                      0                    
     845  3.5699221052038        0                      0                    
     846  3.57415068589717       0                      0                    
     847  3.57837926659054       0                      0                    
     848  3.58260784728391       0                      0                    
     849  3.58683642797728       0                      0                    
     850  3.59106500867065       0                      0                    
     851  3.59529358936401       0                      0                    
     852  3.59952217005738       0                      0                    
     853  3.60375075075075       0                      0                    
     854  3.60797933144412       0                      0                    
     855  3.61220791213749       0                      0                    
     856  3.61643649283086       0                      0                    
     857  3.62066507352423       0                      0                    
     858  3.6248936542176        0                      0                    
     859  3.62912223491097       0                      0                    
     860  3.63335081560434       0                      0                    
     861  3.63757939629771       0                      0                    
     862  3.64180797699108       0                      0                    
     863  3.64603655768445       0                      0                    
     864  3.65026513837782       0                      0                    
     865  3.65449371907119       0                      0                    
     866  3.65872229976456       0                      0                    
     867  3.66295088045792       0                      0                    
     868  3.66717946115129       0                      0                    
     869  3.67140804184466       0                      0                    
     870  3.67563662253803       0                      0                    
     871  3.6798652032314        0                      0                    
     872  3.68409378392477       0                      0                    
     873  3.68832236461814       0                      0                    
     874  3.69255094531151       0                      0                    
     875  3.69677952600488       0                      0                    
     876  3.70100810669825       0                      0                    
     877  3.70523668739162       0                      0                    
     878  3.70946526808499       0                      0                    
     879  3.71369384877836       0                      0                    
     880  3.71792242947173       0                      0                    
     881  3.7221510101651        0                      0                    
     882  3.72637959085847       0                      0                    
     883  3.73060817155184       0                      0                    
     884  3.73483675224521       0                      0                    
     885  3.73906533293857       0                      0                    
     886  3.74329391363194       0                      0                    
     887  3.74752249432531       0                      0                    
     888  3.75175107501868       0                      0                    
     889  3.75597965571205       0                      0                    
     890  3.76020823640542       0                      0                    
     891  3.76443681709879       0                      0                    
     892  3.76866539779216       0                      0                    
     893  3.77289397848553       0                      0                    
     894  3.7771225591789        0                      0                    
     895  3.78135113987227       0                      0                    
     896  3.78557972056564       0                      0                    
     897  3.78980830125901       0                      0                    
     898  3.79403688195238       0                      0                    
     899  3.79826546264575       0                      0                    
     900  3.80249404333912       0                      0                    
     901  3.80672262403249       0                      0                    
     902  3.81095120472586       0                      0                    
     903  3.81517978541922       0                      0                    
     904  3.81940836611259       0                      0                    
     905  3.82363694680596       0                      0                    
     906  3.82786552749933       0                      0                    
     907  3.8320941081927        0                      0                    
     908  3.83632268888607       0                      0                    
     909  3.84055126957944       0                      0                    
     910  3.84477985027281       0                      0                    
     911  3.84900843096618       0                      0                    
     912  3.85323701165955       0                      0                    
     913  3.85746559235292       0                      0                    
     914  3.86169417304629       0                      0                    
     915  3.86592275373966       0                      0                    
     916  3.87015133443303       0                      0                    
     917  3.8743799151264        0                      0                    
     918  3.87860849581977       0                      0                    
     919  3.88283707651314       0                      0                    
     920  3.8870656572065        0                      0                    
     921  3.89129423789987       0                      0                    
     922  3.89552281859324       0                      0                    
     923  3.89975139928661       0                      0                    
     924  3.90397997997998       0                      0                    
     925  3.90820856067335       0                      0                    
     926  3.91243714136672       0                      0                    
     927  3.91666572206009       0                      0                    
     928  3.92089430275346       0                      0                    
     929  3.92512288344683       0                      0                    
     930  3.9293514641402        0                      0                    
     931  3.93358004483357       0                      0                    
     932  3.93780862552694       0                      0                    
     933  3.94203720622031       0                      0                    
     934  3.94626578691368       0                      0                    
     935  3.95049436760705       0                      0                    
     936  3.95472294830042       0                      0                    
     937  3.95895152899379       0                      0                    
     938  3.96318010968715       0                      0                    
     939  3.96740869038052       0                      0                    
     940  3.97163727107389       0                      0                    
     941  3.97586585176726       0                      0                    
     942  3.98009443246063       0                      0                    
     943  3.984323013154         0                      0                    
     944  3.98855159384737       0                      0                    
     945  3.99278017454074       0                      0                    
     946  3.99700875523411       0                      0                    
     947  4.00123733592748       0                      0                    
     948  4.00546591662085       0                      0                    
     949  4.00969449731422       0                      0                    
     950  4.01392307800759       0                      0                    
     951  4.01815165870096       0                      0                    
     952  4.02238023939433       0                      0                    
     953  4.0266088200877        0                      0                    
     954  4.03083740078107       0                      0                    
     955  4.03506598147444       0                      0                    
     956  4.0392945621678        0                      0                    
     957  4.04352314286117       0                      0                    
     958  4.04775172355454       0                      0                    
     959  4.05198030424791       0                      0                    
     960  4.05620888494128       0                      0                    
     961  4.06043746563465       0                      0                    
     962  4.06466604632802       0                      0                    
     963  4.06889462702139       0                      0                    
     964  4.07312320771476       0                      0                    
     965  4.07735178840813       0                      0                    
     966  4.0815803691015        0                      0                    
     967  4.08580894979487       0                      0                    
     968  4.09003753048824       0                      0                    
     969  4.09426611118161       0                      0                    
     970  4.09849469187498       0                      0                    
     971  4.10272327256835       0                      0                    
     972  4.10695185326172       0                      0                    
     973  4.11118043395509       0                      0                    
     974  4.11540901464845       0                      0                    
     975  4.11963759534182       0                      0                    
     976  4.12386617603519       0                      0                    
     977  4.12809475672856       0                      0                    
     978  4.13232333742193       0                      0                    
     979  4.1365519181153        0                      0                    
     980  4.14078049880867       0                      0                    
     981  4.14500907950204       0                      0                    
     982  4.14923766019541       0                      0                    
     983  4.15346624088878       0                      0                    
     984  4.15769482158215       0                      0                    
     985  4.16192340227552       0                      0                    
     986  4.16615198296889       0                      0                    
     987  4.17038056366226       0                      0                    
     988  4.17460914435563       0                      0                    
     989  4.178837725049         0                      0                    
     990  4.18306630574237       0                      0                    
     991  4.18729488643573       0                      0                    
     992  4.1915234671291        0                      0                    
     993  4.19575204782247       0                      0                    
     994  4.19998062851584       0                      0                    
     995  4.20420920920921       0                      0                    
     996  4.20843778990258       0                      0                    
     997  4.21266637059595       0                      0                    
     998  4.21689495128932       0                      0                    
     999  4.22112353198269       0                      0                    
    1000  4.22535211267606       0                      0                    
