# DATE: 2025-02-02 UNITS: lj Created by pair_write
# Pair potential ntw for atom types 1 1: i,r,energy,force

NTW
N 1000 R 0.001 4.22535211267606

       1  0.001                  1e+36                  1.2e+40              
       2  0.00522858069336943    2.3954892201049e+27    5.49783436979611e+30 
       3  0.00945716138673886    1.95375631975096e+24   2.47908171154686e+27 
       4  0.0136857420801083     2.31621989218506e+22   2.03091937167362e+25 
       5  0.0179143227734777     9.15367020231288e+20   6.13163242712024e+23 
       6  0.0221429034668471     7.19755843270698e+19   3.90060415165518e+22 
       7  0.0263714841602166     8.83863367234556e+18   4.02190500253118e+21 
       8  0.030600064853586      1.48365128449889e+18   5.81822800022604e+20 
       9  0.0348286455469554     3.13878070473683e+17   1.0814479824104e+20  
      10  0.0390572262403249     7.93566326904836e+16   2.43816492862623e+19 
      11  0.0432858069336943     2.31128650452213e+16   6.40751322870128e+18 
      12  0.0475143876270637     7.55263267998583e+15   1.90745575574265e+18 
      13  0.0517429683204331     2.71508812740467e+15   6.29671211111981e+17 
      14  0.0559715490138026     1.05777204645649e+15   2.26780655192296e+17 
      15  0.060200129707172      441398523534819        8.79862270759658e+16 
      16  0.0644287104005414     195454978245862        3.64039529018826e+16 
      17  0.0686572910939109     91150704660371.2       1.5931424594488e+16  
      18  0.0728858717872803     44491778566593.6       7.32516919544204e+15 
      19  0.0771144524806497     22613649010448         3.51897445155912e+15 
      20  0.0813430331740191     11916690180416.5       1.75799053201119e+15 
      21  0.0855716138673886     6486991464348.58       909692993436103      
      22  0.089800194560758      3636408537227.85       485933272864012      
      23  0.0940287752541274     2093488828242.64       267172106315496      
      24  0.0982573559474968     1234863972341.1        150811789358665      
      25  0.102485936640866      744781199205.377       87205861442073.7     
      26  0.106714517334236      458477415132.395       51555581368156.5     
      27  0.110943098027605      287605064998.707       31108386563405       
      28  0.115171678720975      183591104692.591       19128776108651.8     
      29  0.119400259414344      119106854546.462       11970512137646.4     
      30  0.123628840107713      78444493594.5961       7614193600093.66     
      31  0.127857420801083      52394865185.091        4917496210089.1      
      32  0.132086001494452      35458346442.8002       3221387221199.78     
      33  0.136314582187822      24293618032.1494       2138607709512.07     
      34  0.140543162881191      16837721592.055        1437655556929.98     
      35  0.144771743574561      11797618306.2457       977894001822.504     
      36  0.14900032426793       8351287545.02117       672585452633.302     
      37  0.153228904961299      5969138072.63366       467468307560.48      
      38  0.157457485654669      4305665170.63913       328139255068.422     
      39  0.161686066348038      3132772495.05686       232507789878.202     
      40  0.165914647041408      2298175921.67251       166218664547.367     
      41  0.170143227734777      1699119761.82518       119836901023.684     
      42  0.174371808428147      1265565827.94851       87094296218.4196     
      43  0.178600389121516      949316852.94963        63783748128.5954     
      44  0.182828969814885      716902102.672878       47053950152.3488     
      45  0.187057550508255      544875253.057852       34954499398.3338     
      46  0.191286131201624      416675722.617471       26139420772.4326     
      47  0.195514711894994      320513769.749414       19671999102.8553     
      48  0.199743292588363      247932548.970433       14895071314.2439     
      49  0.203971873281733      192822001.359159       11344034739.1146     
      50  0.208200453975102      150737023.148346       8687993917.61568     
      51  0.212429034668471      118422300.409264       6689610989.99169     
      52  0.216657615361841      93478663.5259324       5177496117.26372     
      53  0.22088619605521       74127113.0073021       4027075353.61625     
      54  0.22511477674858       59040762.6412289       3147235210.09189     
      55  0.229343357441949      47224352.0492044       2470933673.0376      
      56  0.233571938135319      37927308.711897        1948554728.69111     
      57  0.237800518828688      30580629.8577623       1543173917.79061     
      58  0.242029099522057      24750785.1360575       1227164098.11697     
      59  0.246257680215427      20105857.1019683       979747250.980821     
      60  0.250486260908796      16390533.1568842       785218307.660332     
      61  0.254714841602166      13407536.5154569       631649248.131108     
      62  0.258943422295535      11003767.3068371       509938451.078707     
      63  0.263172002988905      9059907.62213807       413109640.202113     
      64  0.267400583682274      7482587.24209923       335792262.189823     
      65  0.271629164375643      6198451.80631223       273834445.749138     
      66  0.275857745069013      5149651.24354004       224013340.308352     
      67  0.280086325762382      4290393.46901044       183817333.775025     
      68  0.284314906455752      3584300.71631059       151281581.160361     
      69  0.288543487149121      3002373.28380645       124863256.356976     
      70  0.292772067842491      2521414.91944259       103346535.947371     
      71  0.29700064853586       2122810.50525966       85769934.13669       
      72  0.301229229229229      1791573.67929619       71370511.4438053     
      73  0.305457809922599      1515602.09374044       59540874.4986841     
      74  0.309686390615968      1285092.99170614       49795910.8573032     
      75  0.313914971309338      1092083.02324573       41746961.684073      
      76  0.318143552002707      930084.684889907       35081698.6507492     
      77  0.322372132696077      793798.166499421       29548391.5395768     
      78  0.326600713389446      678882.246692904       24943567.5633681     
      79  0.330829294082815      581771.57902191        21102299.8068435     
      80  0.335057874776185      499530.541112745       17890540.5453197     
      81  0.339286455469554      429735.990823689       15199050.263019      
      82  0.343515036162924      370382.945953315       12938575.8522978     
      83  0.347743616856293      319808.496345082       11036009.7798315     
      84  0.351972197549663      276630.259074908       9431321.94067556     
      85  0.356200778243032      239696.466564809       8075101.95043491     
      86  0.360429358936401      208045.38533212        6926585.09204572     
      87  0.364657939629771      180872.238765606       5952062.54867213     
      88  0.36888652032314       157502.180670732       5123597.81201054     
      89  0.37311510101651       137368.160212795       4417987.6891116      
      90  0.377343681709879      119992.750878617       3815919.22879875     
      91  0.381572262403249      104973.199718468       3301283.97972863     
      92  0.385800843096618      91969.0988904157       2860618.90945022     
      93  0.390029423789987      80692.197529627        2482649.54296357     
      94  0.394258004483357      70897.9645199608       2157915.7935257      
      95  0.398486585176726      62378.5867800749       1878464.84565587     
      96  0.402715165870096      54957.1470433313       1637598.53308266     
      97  0.406943746563465      48482.7728311379       1429665.10542497     
      98  0.411172327256835      42826.5867686216       1249887.23100881     
      99  0.415400907950204      37878.3194425613       1094219.64413293     
     100  0.419629488643573      33543.4711346869       959231.095213072     
     101  0.423858069336943      29740.9291517148       842006.265771722     
     102  0.428086650030312      26400.9640485852       740064.117672494     
     103  0.432315230723682      23463.5415451024       651289.797097678     
     104  0.436543811417051      20876.897960614        573877.739952808     
     105  0.440772392110421      18596.3360100734       506284.051529278     
     106  0.44500097280379       16583.2051974864       447186.579110274     
     107  0.449229553497159      14804.037114408        395451.377472773     
     108  0.453458134190529      13229.810947468        350104.496442764     
     109  0.457686714883898      11835.3286180672       310308.206808817     
     110  0.461915295577268      10598.6823796837       275340.934004563     
     111  0.466143876270637      9500.80051350505       244580.294464498     
     112  0.470372456964007      8525.05909679748       217488.732611808     
     113  0.474601037657376      7656.94975629103       193601.341219273     
     114  0.478829618350745      6883.79493079878       172515.517760036     
     115  0.483058199044115      6194.50351037396       153882.167056921     
     116  0.487286779737484      5579.36084023301       137398.208254079     
     117  0.491515360430854      5029.84801470028       122800.183665732     
     118  0.495743941124223      4538.48617098182       109858.799862103     
     119  0.499972521817593      4098.70215048969       98374.2586214659     
     120  0.504201102510962      3704.71244800623       88172.2580805788     
     121  0.508429683204331      3351.42283376822       79100.5633478917     
     122  0.512658263897701      3034.3414250895        71026.0616561016     
     123  0.51688684459107       2749.50331445373       63832.2303570751     
     124  0.52111542528444       2493.40514006982       57416.9571425377     
     125  0.525344005977809      2262.94822097803       51690.6611701544     
     126  0.529572586671179      2055.38907881543       46574.6715853593     
     127  0.533801167364548      1868.29633804069       41999.8265013373     
     128  0.538029748057917      1699.5131405706        37905.2610371387     
     129  0.542258328751287      1547.1243334015        34237.3576863352     
     130  0.546486909444656      1409.42779222777       30948.8362364518     
     131  0.550715490138026      1284.90933313826       27997.9637994725     
     132  0.554944070831395      1172.22074052659       25347.8683433434     
     133  0.559172651524765      1070.16050437468       22965.9415146872     
     134  0.563401232218134      977.656915728788       20823.3185816628     
     135  0.567629812911503      893.753216889786       18894.4250597064     
     136  0.571858393604873      817.594543769028       17156.581059194      
     137  0.576086974298242      748.416433022302       15589.6556526763     
     138  0.580315554991612      685.534696812915       14175.7646336191     
     139  0.584544135684981      628.336494090923       12899.0059566497     
     140  0.588772716378351      576.27244971677        11745.2279347665     
     141  0.59300129707172       528.849692122565       10701.8259417692     
     142  0.59722987776509       485.625696932008       9757.56394510185     
     143  0.601458458458459      446.20283842555        8902.41768960099     
     144  0.605687039151828      410.223563259498       8127.43677830974     
     145  0.609915619845198      377.366111698989       7424.62326275778     
     146  0.614144200538567      347.340721037438       6786.82467053865     
     147  0.618372781231937      319.886254048249       6207.63966998303     
     148  0.622601361925306      294.767202418406       5681.33480645896     
     149  0.626829942618675      271.771021294164       5202.77094763489     
     150  0.631058523312045      250.705756451313       4767.33825043712     
     151  0.635287104005414      231.397930294304       4370.89861427772     
     152  0.639515684698784      213.690656982025       4009.7347167118      
     153  0.643744265392153      197.441960553004       3680.50484182076     
     154  0.647972846085523      182.523273047655       3380.20281071608     
     155  0.652201426778892      168.818092359185       3106.12240968178     
     156  0.656430007472261      156.220781938769       2855.82578638983     
     157  0.660658588165631      144.635496578858       2627.11534985039     
     158  0.664887168859         133.975220339049       2418.00876660269     
     159  0.66911574955237       124.160904294837       2226.71669523384     
     160  0.673344330245739      115.120693209468       2051.62294459891     
     161  0.677572910939109      106.789231477767       1891.26677893781     
     162  0.681801491632478      99.1070397898185       1744.32712616156     
     163  0.686030072325847      92.0199549304365       1609.60847453182     
     164  0.690258653019217      85.4786259837354       1486.02826831986     
     165  0.694487233712586      79.4380609650587       1372.60563526692     
     166  0.698715814405956      73.8572185672708       1268.45129817892     
     167  0.702944395099325      68.6986402958464       1172.75854012293     
     168  0.707172975792695      63.9281187866334       1084.79510775113     
     169  0.711401556486064      59.5143985598582       1003.89595052343     
     170  0.715630137179433      55.4289058710507       929.456705258847     
     171  0.719858717872803      51.6455046803765       860.927845716734     
     172  0.724087298566172      48.140276081868        797.809425963502     
     173  0.728315879259542      44.8913188180693       739.646354269569     
     174  0.732544459952911      41.8785687578627       686.024141334413     
     175  0.736773040646281      39.0836354394611       636.565072870009     
     176  0.74100162133965       36.4896539799511       590.924762083387     
     177  0.745230202033019      34.0811508302628       548.789042475169     
     178  0.749458782726389      31.8439220125027       509.871165688459     
     179  0.753687363419758      29.7649226174631       473.909272968339     
     180  0.757915944113128      27.8321664657449       440.664112184467     
     181  0.762144524806497      26.0346349480506       409.916975379508     
     182  0.766373105499867      24.3621941603026       381.467834478707     
     183  0.770601686193236      22.8055195387049       355.133655170797     
     184  0.774830266886606      21.3560272798324       330.746871081661     
     185  0.779058847579975      20.0058119023944       308.154002240778     
     186  0.783287428273344      18.7475893713637       287.214403512653     
     187  0.787516008966714      17.5746452625443       267.799130155295     
     188  0.791744589660083      16.4807874970734       249.789908995669     
     189  0.795973170353452      15.4603032214726       233.078204896547     
     190  0.800201751046822      14.5079194502485       217.564373246316     
     191  0.804430331740191      13.6187671252035       203.156890147385     
     192  0.808658912433561      12.7883482789976       189.771652822418     
     193  0.81288749312693       12.0125060205136       177.331343511985     
     194  0.8171160738203        11.287397086566        165.764850812009     
     195  0.821344654513669      10.6094667287839       155.006743003539     
     196  0.825573235207039      9.97542572636819       144.996788468467     
     197  0.829801815900408      9.38222933512608       135.679518769757     
     198  0.834030396593777      8.82705800094615       127.003830409637     
     199  0.838258977287147      8.30729968189544       118.922621669367     
     200  0.842487557980516      7.82053363757315       111.392461284482     
     201  0.846716138673886      7.364515557405         104.373286024045     
     202  0.850944719367255      6.93716391135018       97.8281245252065     
     203  0.855173300060625      6.53654741714518       91.7228449886192     
     204  0.859401880753994      6.16087352784284       86.0259245690451     
     205  0.863630461447364      5.8084778521185        80.7082385013752     
     206  0.867859042140733      5.47781442770434       75.7428671877766     
     207  0.872087622834102      5.1674467754552        71.1049196387725     
     208  0.876316203527472      4.87603966802259       66.7713718117519     
     209  0.880544784220841      4.60235155297863       62.7209185262935     
     210  0.884773364914211      4.34522757555396       58.9338377583597     
     211  0.88900194560758       4.10359315097964       55.3918662261478     
     212  0.893230526300949      3.87644804080646       52.0780852804499     
     213  0.897459106994319      3.66286089155415       48.9768162027827     
     214  0.901687687687688      3.4619641976596        46.0735240963265     
     215  0.905916268381058      3.27294965397999       43.354729628681      
     216  0.910144849074427      3.09506386609659       40.807927952407      
     217  0.914373429767797      2.9276043893843        38.4215141899494     
     218  0.918602010461166      2.76991607028837       36.1847149244729     
     219  0.922830591154535      2.62138766550383       34.0875251879277     
     220  0.927059171847905      2.48144871680744       32.1206504828143     
     221  0.931287752541274      2.34956666116389       30.2754534150728     
     222  0.935516333234644      2.22524415743505       28.5439045527038     
     223  0.939744913928013      2.10801661257827       26.9185371584799     
     224  0.943973494621383      1.99744989164066       25.3924054757772     
     225  0.948202075314752      1.8931381971539        23.9590462744243     
     226  0.952430656008121      1.79470210471875       22.6124433888087     
     227  0.956659236701491      1.70178674265165       21.3469950035266     
     228  0.96088781739486       1.61406010455505       20.1574834628439     
     229  0.96511639808823       1.53121148457865       19.0390473993257     
     230  0.969344978781599      1.45295002596628       17.9871559943865     
     231  0.973573559474969      1.37900337424129       16.9975851993601     
     232  0.977802140168338      1.30911642707692       16.066395760131      
     233  0.982030720861708      1.24305017353351       15.1899129015408     
     234  0.986259301555077      1.1805806159268        14.3647075398        
     235  0.990487882248446      1.12149776812507       13.5875789021007     
     236  0.994716462941816      1.0656047245623        12.8555384426367     
     237  0.998945043635185      1.01271679470334       12.1657949533837     
     238  1.00317362432855       0.962660698109081      11.5157407763444     
     239  1.00740220502192       0.915273815627609      10.9029390316024     
     240  1.01163078571529       0.87040349258464       10.3251117825114     
     241  1.01585936640866       0.827906390165442      9.78012906573236     
     242  1.02008794710203       0.78764788147365       9.2659987196799      
     243  1.0243165277954        0.749501489021739      8.7808569502863      
     244  1.02854510848877       0.713348360655874      8.3229595778963      
     245  1.03277368918214       0.679076781145675      7.89067391359097     
     246  1.03700226987551       0.646581716879342      7.48247121735627     
     247  1.04123085056888       0.615764391297662      7.09691969428218     
     248  1.04545943126225       0.586531888878275      6.73267798843759     
     249  1.04968801195562       0.558796785645425      6.38848913724009     
     250  1.05391659264899       0.532476804331388      6.06317495205185     
     251  1.05814517334236       0.507494492454953      5.75563079340671     
     252  1.06237375403573       0.483776921710656      5.46482071172963     
     253  1.0666023347291        0.461255407180875      5.18977292666526     
     254  1.07083091542247       0.43986524499207       4.92957562020591     
     255  1.07505949611583       0.419545467137344      4.68337302071527     
     256  1.0792880768092        0.400238612280539      4.45036175669724     
     257  1.08351665750257       0.381890511443095      4.22978746077171     
     258  1.08774523819594       0.364450087554312      4.02094160580309     
     259  1.09197381888931       0.347869167919095      3.82315855649359     
     260  1.09620239958268       0.332102308725117      3.63581282101118     
     261  1.10043098027605       0.3171066307741        3.45831648838081     
     262  1.10465956096942       0.302841665679975      3.29011683843547     
     263  1.10888814166279       0.289269211830423      3.13069411210757     
     264  1.11311672235616       0.276353199457978      2.9795594307486      
     265  1.11734530304953       0.264059564212971      2.83625285400219     
     266  1.1215738837429        0.252356128673197      2.70034156652773     
     267  1.12580246443627       0.241212491264702      2.57141818458404     
     268  1.13003104512964       0.230599922104676      2.44909917414095     
     269  1.13425962582301       0.220491265311418      2.3330233727939      
     270  1.13848820651638       0.210860847357737      2.22285060831762     
     271  1.14271678720975       0.201684391073387      2.11826040721398     
     272  1.14694536790311       0.19293893492918       2.01895078708778     
     273  1.15117394859648       0.184602757260559      1.92463712712791     
     274  1.15540252928985       0.176655305111725      1.83505111138053     
     275  1.15963110998322       0.169077127403066      1.74993973988045     
     276  1.16385969067659       0.161849812144769      1.66906440305745     
     277  1.16808827136996       0.154955927438144      1.59220001515896     
     278  1.17231685206333       0.148378966023597      1.5191342027313      
     279  1.1765454327567        0.142103293150288      1.44966654447987     
     280  1.18077401345007       0.136114097557548      1.3836078590869      
     281  1.18500259414344       0.130397345372061      1.32077953780395     
     282  1.18923117483681       0.124939736737829      1.26101291885848     
     283  1.19345975553018       0.119728665007985      1.20414870091864     
     284  1.19768833622355       0.114752178338791      1.1500363930512      
     285  1.20191691691692       0.109998943536612      1.09853379878431     
     286  1.20614549761029       0.105458212018413      1.04950653205066     
     287  1.21037407830366       0.101119787755406      1.00282756293867     
     288  1.21460265899703       0.0969739970779161     0.958376791320994    
     289  1.2188312396904        0.0930116602274598     0.916040646560431    
     290  1.22305982038376       0.0892240645493313     0.875711711615571    
     291  1.22728840107713       0.0856029392258796     0.837288369981503    
     292  1.2315169817705        0.0821404314570336     0.800674474006302    
     293  1.23574556246387       0.0788290840005975     0.765779033221783    
     294  1.23997414315724       0.0756618139904052     0.732515921418051    
     295  1.24420272385061       0.0726318929556038     0.700803601275881    
     296  1.24843130454398       0.0697329279691967     0.670564865449824    
     297  1.25265988523735       0.0669588438584862     0.641726593068032    
     298  1.25688846593072       0.0643038664142981     0.614219520683114    
     299  1.26111704662409       0.0617625065398022     0.587978026771671    
     300  1.26534562731746       0.0593295452834457     0.562939928939401    
     301  1.26957420801083       0.0570000197039546     0.539046293043582    
     302  1.2738027887042        0.0547692095185876     0.516241253496172    
     303  1.27803136939757       0.0526326244888341     0.494471844058427    
     304  1.28225995009094       0.0505859925005734     0.473687838482617    
     305  1.28648853078431       0.0486252482983412     0.453841600397842    
     306  1.29071711147768       0.046746522835824      0.434887941875806    
     307  1.29494569217105       0.0449461332070019     0.416783990148412    
     308  1.29917427286441       0.04322057312453       0.399489061982871    
     309  1.30340285355778       0.0415665039139643     0.38296454525137     
     310  1.30763143425115       0.0399807459943379     0.367173787261802    
     311  1.31186001494452       0.038460270817365      0.35208198944339     
     312  1.31608859563789       0.0370021932392135     0.337656108006693    
     313  1.32031717633126       0.0356037643003457     0.323864760221364    
     314  1.32454575702463       0.0342623643903871     0.310678135977387    
     315  1.328774337718         0.0329754967763492     0.298067914316365    
     316  1.33300291841137       0.0317407814738202     0.286007184638969    
     317  1.33723149910474       0.0305559494419386     0.274470372312879    
     318  1.34146007979811       0.029418837084094      0.263433168422601    
     319  1.34568866049148       0.0283273810373589     0.252872463418506    
     320  1.34991724118485       0.0272796132346521     0.242766284437339    
     321  1.35414582187822       0.026273656224562      0.233093736080408    
     322  1.35837440257159       0.0253077187346416     0.223834944448755    
     323  1.36260298326496       0.0243800914648008     0.214971004246785    
     324  1.36683156395833       0.0234891430982038     0.206483928777323    
     325  1.37106014465169       0.0226333165177963     0.19835660266178     
     326  1.37528872534506       0.0218111252172758     0.190572737129124    
     327  1.37951730603843       0.0210211498959547     0.1831168277268      
     328  1.3837458867318        0.0202620352275701     0.175974114315514    
     329  1.38797446742517       0.0195324867936612     0.16913054321809     
     330  1.39220304811854       0.0188312681726637     0.162572731400323    
     331  1.39643162881191       0.0181571981763772     0.156287932569053    
     332  1.40066020950528       0.0175091482259268     0.150264005079421    
     333  1.40488879019865       0.0168860398597864     0.144489381549736    
     334  1.40911737089202       0.0162868423668472     0.138953040088308    
     335  1.41334595158539       0.015710570537907      0.133644477042248    
     336  1.41757453227876       0.0151562825293265     0.12855368118352     
     337  1.42180311297213       0.0146230778329434     0.123671109252446    
     338  1.4260316936655        0.0141100953466666     0.118987662783548    
     339  1.43026027435887       0.0136165115404786     0.114494666142967    
     340  1.43448885505224       0.0131415387128642     0.11018384571077     
     341  1.43871743574561       0.0126844233329599     0.106047310145354    
     342  1.44294601643898       0.0122444444639735     0.102077531670732    
     343  1.44717459713234       0.0118209122636683     0.098267328330901    
     344  1.45140317782571       0.0114131665579348     0.0946098471586993   
     345  1.45563175851908       0.0110205754836883     0.0910985482095362   
     346  1.45986033921245       0.0106425341975356     0.0877271894132283   
     347  1.46408891990582       0.0102784636468459     0.0844898121998157   
     348  1.46831750059919       0.00992780940004057    0.0813807278577335   
     349  1.47254608129256       0.0095900405330904     0.0783945045850643   
     350  1.47677466198593       0.00926464856936748    0.0755259551968097   
     351  1.4810032426793        0.00895114647015321    0.0727701254531954   
     352  1.48523182337267       0.00864906767324639    0.0701222829759874   
     353  1.48946040406604       0.0083579651772514     0.0675779067216327   
     354  1.49368898475941       0.00807741066925513    0.065132676981785    
     355  1.49791756545278       0.00780699369372179    0.0627824658834002   
     356  1.50214614614615       0.00754632086054888    0.060523328362129    
     357  1.50637472683952       0.00729501509033647    0.0583514935841893   
     358  1.51060330753289       0.0070527148950229     0.0562633567932579   
     359  1.51483188822626       0.00681907369213743    0.0542554715602191   
     360  1.51906046891962       0.00659375915101063    0.0523245424148132   
     361  1.52328904961299       0.00637645256937018    0.0504674178393764   
     362  1.52751763030636       0.00616684827883086    0.0486810836059415   
     363  1.53174621099973       0.00596465307786447    0.0469626564389847   
     364  1.5359747916931        0.00576958569090862    0.0453093779870654   
     365  1.54020337238647       0.0055813762523418     0.0437186090875075   
     366  1.54443195307984       0.00539976581411776    0.0421878243091285   
     367  1.54866053377321       0.00522450587591371    0.0407146067588248   
     368  1.55288911446658       0.00505535793670514    0.0392966431385841   
     369  1.55711769515995       0.00489209306673551    0.0379317190402119   
     370  1.56134627585332       0.00473449149890134    0.0366177144657375   
     371  1.56557485654669       0.00458234223862263    0.035352599562105    
     372  1.56980343724006       0.00443544269131558    0.0341344305593567   
     373  1.57403201793343       0.00429359830662878    0.0329613459020902   
     374  1.5782605986268        0.00415662223864647    0.0318315625645043   
     375  1.58248917932017       0.00402433502130199    0.0307433725398664   
     376  1.58671776001354       0.00389656425828241    0.0296951394957036   
     377  1.5909463407069        0.00377314432674111    0.0286852955864866   
     378  1.59517492140027       0.00365391609416908    0.0277123384159948   
     379  1.59940350209364       0.00353872664780776    0.0267748281419664   
     380  1.60363208278701       0.00342742903601663    0.0258713847160124   
     381  1.60786066348038       0.00331988202103792    0.0250006852521452   
     382  1.61208924417375       0.00321594984262785    0.0241614615176103   
     383  1.61631782486712       0.00311550199205025    0.0233524975400363   
     384  1.62054640556049       0.00301841299595251    0.0225726273252272   
     385  1.62477498625386       0.00292456220966778    0.0218207326802096   
     386  1.62900356694723       0.00283383361950899    0.0210957411364247   
     387  1.6332321476406        0.00274611565364174    0.0203966239682143   
     388  1.63746072833397       0.00266130100114284    0.0197223943019969   
     389  1.64168930902734       0.00257928643887035    0.0190721053117647   
     390  1.64591788972071       0.00249997266578891    0.0184448484967508   
     391  1.65014647041408       0.0024232641444114     0.0178397520373286   
     392  1.65437505110745       0.00234906894903401    0.0172559792254008   
     393  1.65860363180082       0.00227729862045729    0.016692726965725    
     394  1.66283221249419       0.00220786802690054    0.0161492243448007   
     395  1.66706079318755       0.00214069523083054    0.0156247312641102   
     396  1.67128937388092       0.00207570136143913    0.0151185371346669   
     397  1.67551795457429       0.00201281049251644    0.0146299596299753   
     398  1.67974653526766       0.00195194952547876    0.0141583434946504   
     399  1.68397511596103       0.00189304807732115    0.0137030594060816   
     400  1.6882036966544        0.00183603837327594    0.0132635028866534   
     401  1.69243227734777       0.00178085514396815    0.0128390932641591   
     402  1.69666085804114       0.00172743552686913    0.0124292726781593   
     403  1.70088943873451       0.00167571897185841    0.0120335051301469   
     404  1.70511801942788       0.00162564715071306    0.0116512755754854   
     405  1.70934660012125       0.0015771638703519     0.0112820890551853   
     406  1.71357518081462       0.00153021498967021    0.0109254698656792   
     407  1.71780376150799       0.00148474833980772    0.0105809607648432   
     408  1.72203234220136       0.00144071364770044    0.0102481222125996   
     409  1.72626092289473       0.00139806246277329    0.00992653164451425  
     410  1.7304895035881        0.00135674808663735    0.00961578277687857  
     411  1.73471808428147       0.00131672550566151    0.00931548494183997  
     412  1.73894666497484       0.00127795132629458    0.00902526245121235  
     413  1.7431752456682        0.00124038371301916    0.00874475398766351  
     414  1.74740382636157       0.0012039823288243     0.00847361202203938  
     415  1.75163240705494       0.00116870827808882    0.0082115022556431   
     416  1.75586098774831       0.00113452405177226    0.00795810308634378  
     417  1.76008956844168       0.00110139347481497    0.00771310509744258  
     418  1.76431814913505       0.00106928165565325    0.00747621056827474  
     419  1.76854672982842       0.00103815493775966    0.00724713300557386  
     420  1.77277531052179       0.00100798085312282    0.00702559669467157  
     421  1.77700389121516       0.000978728077584614   0.00681133626964761  
     422  1.78123247190853       0.000950366387956397   0.00660409630158833  
     423  1.7854610526019        0.000922866620839513   0.00640363090414991  
     424  1.78968963329527       0.000896200633078442   0.00620970335566064  
     425  1.79391821398864       0.000870341263778253   0.00602208573703174  
     426  1.79814679468201       0.000845262297820988   0.00584055858478034  
     427  1.80237537537538       0.00082093843081848    0.00566491055850043  
     428  1.80660395606875       0.000797345235441901   0.00549493812214837  
     429  1.81083253676212       0.000774459129070849   0.00533044523853815  
     430  1.81506111745548       0.000752257342707398   0.00517124307647033  
     431  1.81928969814885       0.000730717891102826   0.00501714972994393  
     432  1.82351827884222       0.000709819544047078   0.00486798994892685  
     433  1.82774685953559       0.000689541798773116   0.00472359488118308  
     434  1.83197544022896       0.000669864853430464   0.00458380182467918  
     435  1.83620402092233       0.000650769581584141   0.00444845399011278  
     436  1.8404326016157        0.00063223750769715    0.00431740027312794  
     437  1.84466118230907       0.000614250783556423   0.00419049503580073  
     438  1.84888976300244       0.000596792165603867   0.00406759789699796  
     439  1.85311834369581       0.000579844993135814   0.00394857353122952  
     440  1.85734692438918       0.000563393167335729   0.00383329147563188  
     441  1.86157550508255       0.000547421131106511   0.00372162594473669  
     442  1.86580408577592       0.000531913849670196   0.00361345565269357  
     443  1.87003266646929       0.000516856791904199   0.00350866364263137  
     444  1.87426124716266       0.00050223591238456    0.00340713712285592  
     445  1.87848982785603       0.000488037634107897   0.00330876730959574  
     446  1.8827184085494        0.000474248831864964   0.0032134492760202   
     447  1.88694698924277       0.000460856816239848   0.00312108180726633  
     448  1.89117556993613       0.000447849318209951   0.00303156726122283  
     449  1.8954041506295        0.0004352144743229     0.0029448114348301   
     450  1.89963273132287       0.000422940812427566   0.00286072343566633  
     451  1.90386131201624       0.000411017237937309   0.00277921555859945  
     452  1.90808989270961       0.000399433020604463   0.00270020316729441  
     453  1.91231847340298       0.000388177781785982   0.00262360458037468  
     454  1.91654705409635       0.000377241482180949   0.00254934096204514  
     455  1.92077563478972       0.000366614410021492   0.00247733621699248  
     456  1.92500421548309       0.00035628716969939    0.00240751688938666  
     457  1.92923279617646       0.000346250670811387   0.00233981206581518  
     458  1.93346137686983       0.000336496117606934   0.00227415328198854  
     459  1.9376899575632        0.000327014998822718   0.00221047443306281  
     460  1.94191853825657       0.000317799077889025   0.00214871168743145  
     461  1.94614711894994       0.000308840383493556   0.00208880340384515  
     462  1.95037569964331       0.000300131200488908   0.0020306900517242   
     463  1.95460428033668       0.000291664061130501   0.00197431413453402  
     464  1.95883286103005       0.00028343173663226    0.00191962011609975  
     465  1.96306144172341       0.000275427229027877   0.00186655434974112  
     466  1.96729002241678       0.000267643763325979   0.00181506501011402  
     467  1.97151860311015       0.000260074779947962   0.00176510202764975  
     468  1.97574718380352       0.000252713927437762   0.00171661702548771  
     469  1.97997576449689       0.000245555055433212   0.00166956325880176  
     470  1.98420434519026       0.000238592207889067   0.00162389555642427  
     471  1.98843292588363       0.000231819616542181   0.00157957026467654  
     472  1.992661506577         0.000225231694609696   0.00153654519331752  
     473  1.99689008727037       0.000218823030711462   0.00149477956352676  
     474  2.00111866796374       0.000212588383008247   0.00145423395784097  
     475  2.00534724865711       0.000206522673547668   0.00141487027196682  
     476  2.00957582935048       0.00020062098281003    0.00137665166839607  
     477  2.01380441004385       0.000194878544446636   0.00133954253175177  
     478  2.01803299073722       0.000189290740203378   0.00130350842579781  
     479  2.02226157143059       0.000183853095022706   0.0012685160520462   
     480  2.02649015212396       0.000178561272317375   0.00123453320989979  
     481  2.03071873281733       0.000173411069409581   0.00120152875827036  
     482  2.0349473135107        0.000168398413129385   0.0011694725786145   
     483  2.03917589420406       0.000163519355566546   0.00113833553933217  
     484  2.04340447489743       0.000158770069970099   0.00110808946147494  
     485  2.0476330555908        0.000154146846790278   0.00107870708571337  
     486  2.05186163628417       0.000149646089857519   0.0010501620405145   
     487  2.05609021697754       0.000145264312693573   0.00102242881148305  
     488  2.06031879767091       0.000140998134949877   0.000995482711821333 
     489  2.06454737836428       0.000136844278968531   0.000969299853864952 
     490  2.06877595905765       0.000132799566461464   0.000943857121652943 
     491  2.07300453975102       0.000128860915303451   0.000919132144492868 
     492  2.07723312044439       0.000125025336434886   0.000895103271482714 
     493  2.08146170113776       0.000121289930870329   0.000871749546953227 
     494  2.08569028183113       0.000117651886809016   0.000849050686795575 
     495  2.0899188625245        0.000114108476843654   0.000826987055640767 
     496  2.09414744321787       0.000110657055263974   0.000805539644858508 
     497  2.09837602391124       0.000107295055451635   0.000784690051344513 
     498  2.10260460460461       0.000104019987363219   0.000764420457066519 
     499  2.10683318529798       0.000100829435098162   0.000744713609340371 
     500  2.11106176599134       9.77210545485884e-05   0.000725552801808798 
     501  2.11529034668471       9.46925711281501e-05   0.000706921856096416 
     502  2.11951892737808       9.17417775770429e-05   0.000688805104115722 
     503  2.12374750807145       8.88665318405183e-05   0.000671187370999683 
     504  2.12797608876482       8.60647550182784e-05   0.000654053958637572 
     505  2.13220466945819       8.33344293822557e-05   0.000637390629791558 
     506  2.13643325015156       8.06735964603688e-05   0.000621183592772518 
     507  2.14066183084493       7.80803551839316e-05   0.000605419486654289 
     508  2.1448904115383        7.55528600964802e-05   0.00059008536700643  
     509  2.14911899223167       7.30893196218717e-05   0.000575168692126378 
     510  2.15334757292504       7.06879943895718e-05   0.00056065730975251  
     511  2.15757615361841       6.83471956151494e-05   0.000546539444240509 
     512  2.16180473431178       6.6065283534041e-05    0.00053280368418592  
     513  2.16603331500515       6.3840665886744e-05    0.000519438970476612 
     514  2.17026189569852       6.16717964536471e-05   0.000506434584759366 
     515  2.17449047639189       5.95571736377836e-05   0.000493780138305506 
     516  2.17871905708526       5.74953390938493e-05   0.000481465561260996 
     517  2.18294763777863       5.54848764018877e-05   0.000469481092267029 
     518  2.18717621847199       5.35244097841075e-05   0.000457817268437669 
     519  2.19140479916536       5.16126028633467e-05   0.000446464915681569 
     520  2.19563337985873       4.97481574617589e-05   0.000435415139355371 
     521  2.1998619605521        4.79298124383399e-05   0.000424659315236767 
     522  2.20409054124547       4.6156438809601e-05    0.00041411880091779  
     523  2.20831912193884       4.44273561950517e-05   0.000403710828765901 
     524  2.21254770263221       4.2742004470259e-05    0.000393435317296335 
     525  2.21677628332558       4.10998235145391e-05   0.000383292266509094 
     526  2.22100486401895       3.95002532072081e-05   0.000373281676404177 
     527  2.22523344471232       3.7942733427582e-05    0.000363403546981583 
     528  2.22946202540569       3.64267040549768e-05   0.000353657878241313 
     529  2.23369060609906       3.49516049687089e-05   0.000344044670183367 
     530  2.23791918679243       3.35168760480942e-05   0.000334563922807745 
     531  2.2421477674858        3.21219571724487e-05   0.000325215636114447 
     532  2.24637634817917       3.07662882210887e-05   0.000315999810103473 
     533  2.25060492887254       2.94493090733301e-05   0.000306916444774822 
     534  2.25483350956591       2.81704596084894e-05   0.000297965540128496 
     535  2.25906209025927       2.69291797058821e-05   0.000289147096164493 
     536  2.26329067095264       2.57249092448247e-05   0.000280461112882815 
     537  2.26751925164601       2.45570881046332e-05   0.00027190759028346  
     538  2.27174783233938       2.34251561646235e-05   0.000263486528366429 
     539  2.27597641303275       2.2328553304112e-05    0.000255197927131722 
     540  2.28020499372612       2.12667194024146e-05   0.000247041786579338 
     541  2.28443357441949       2.02390943388476e-05   0.000239018106709279 
     542  2.28866215511286       1.92451179927269e-05   0.000231126887521544 
     543  2.29289073580623       1.82842302433687e-05   0.000223368129016132 
     544  2.2971193164996        1.73558709700889e-05   0.000215741831193044 
     545  2.30134789719297       1.64594800522039e-05   0.000208247994052281 
     546  2.30557647788634       1.55944973690296e-05   0.000200886617593841 
     547  2.30980505857971       1.4760362799882e-05    0.000193657701817725 
     548  2.31403363927308       1.39565162240775e-05   0.000186561246723933 
     549  2.31826221996645       1.31823975209318e-05   0.000179597252312464 
     550  2.32249080065982       1.24374465697615e-05   0.000172765718583321 
     551  2.32671938135319       1.17211032498822e-05   0.0001660666455365   
     552  2.33094796204655       1.10328074406103e-05   0.000159500033172003 
     553  2.33517654273992       1.03719990212617e-05   0.00015306588148983  
     554  2.33940512343329       9.7381178711527e-06    0.000146764190489982 
     555  2.34363370412666       9.13060386959927e-06   0.000140594960172457 
     556  2.34786228482003       8.54889689591745e-06   0.000134558190537255 
     557  2.3520908655134        7.99243682942348e-06   0.000128653881584379 
     558  2.35631944620677       7.46066354943337e-06   0.000122882033313825 
     559  2.36054802690014       6.95301693526324e-06   0.000117242645725596 
     560  2.36477660759351       6.46893686622911e-06   0.00011173571881969  
     561  2.36900518828688       6.00786322164718e-06   0.000106361252596109 
     562  2.37323376898025       5.56923588083351e-06   0.000101119247054851 
     563  2.37746234967362       5.15249472310414e-06   9.60097021959173e-05 
     564  2.38169093036699       4.75707962777525e-06   9.10326180193075e-05 
     565  2.38591951106036       4.38243047416285e-06   8.61879945250211e-05 
     566  2.39014809175373       4.02798714158316e-06   8.14758317130596e-05 
     567  2.3943766724471        3.69318950935212e-06   7.6896129583421e-05  
     568  2.39860525314047       3.37747745678594e-06   7.24488881361068e-05 
     569  2.40283383383384       3.08029086320063e-06   6.8134107371116e-05  
     570  2.4070624145272        2.80106960791237e-06   6.39517872884495e-05 
     571  2.41129099522057       2.53925357023721e-06   5.99019278881069e-05 
     572  2.41551957591394       2.29428262949121e-06   5.59845291700878e-05 
     573  2.41974815660731       2.06559666499054e-06   5.21995911343929e-05 
     574  2.42397673730068       1.85263555605125e-06   4.8547113781022e-05  
     575  2.42820531799405       1.65483918198944e-06   4.50270971099749e-05 
     576  2.43243389868742       1.47164742212119e-06   4.16395411212513e-05 
     577  2.43666247938079       1.30250015576262e-06   3.8384445814852e-05  
     578  2.44089106007416       1.14683726222981e-06   3.52618111907763e-05 
     579  2.44511964076753       1.00409862083887e-06   3.22716372490247e-05 
     580  2.4493482214609        8.7372411090589e-07    2.9413923989597e-05  
     581  2.45357680215427       7.55153611746943e-07   2.6688671412493e-05  
     582  2.45780538284764       6.47827002678153e-07   2.40958795177131e-05 
     583  2.46203396354101       5.511841630156e-07     2.1635548305257e-05  
     584  2.46626254423438       4.6466497207538e-07    1.93076777751249e-05 
     585  2.47049112492775       3.8770930917358e-07    1.71122679273164e-05 
     586  2.47471970562112       3.19757053626311e-07   1.5049318761832e-05  
     587  2.47894828631448       2.60248084749659e-07   1.31188302786715e-05 
     588  2.48317686700785       2.08622281859713e-07   1.13208024778347e-05 
     589  2.48740544770122       1.6431952427258e-07    9.65523535932199e-06 
     590  2.49163402839459       1.26779691304344e-07   8.12212892313298e-06 
     591  2.49586260908796       9.54426622711108e-08   6.72148316926815e-06 
     592  2.50009118978133       6.97483164889622e-08   5.45329809772692e-06 
     593  2.5043197704747        4.91365332740017e-08   4.31757370850971e-06 
     594  2.50854835116807       3.30471919423196e-08   3.31431000161628e-06 
     595  2.51277693186144       2.0920171810014e-08    2.44350697704683e-06 
     596  2.51700551255481       1.21953521931777e-08   1.70516463480127e-06 
     597  2.52123409324818       6.31261240790497e-09   1.09928297487952e-06 
     598  2.52546267394155       2.71183177029169e-09   6.25861997281719e-07 
     599  2.52969125463492       8.32889596431842e-10   2.84901702007796e-07 
     600  2.53391983532829       1.15665202420165e-10   7.64020890577501e-08 
     601  2.53814841602166       3.79043513865895e-14   3.6315843158011e-10  
     602  2.54237699671503       0                      0                    
     603  2.5466055774084        0                      0                    
     604  2.55083415810177       0                      0                    
     605  2.55506273879513       0                      0                    
     606  2.5592913194885        0                      0                    
     607  2.56351990018187       0                      0                    
     608  2.56774848087524       0                      0                    
     609  2.57197706156861       0                      0                    
     610  2.57620564226198       0                      0                    
     611  2.58043422295535       0                      0                    
     612  2.58466280364872       0                      0                    
     613  2.58889138434209       0                      0                    
     614  2.59311996503546       0                      0                    
     615  2.59734854572883       0                      0                    
     616  2.6015771264222        0                      0                    
     617  2.60580570711557       0                      0                    
     618  2.61003428780894       0                      0                    
     619  2.61426286850231       0                      0                    
     620  2.61849144919568       0                      0                    
     621  2.62272002988905       0                      0                    
     622  2.62694861058242       0                      0                    
     623  2.63117719127578       0                      0                    
     624  2.63540577196915       0                      0                    
     625  2.63963435266252       0                      0                    
     626  2.64386293335589       0                      0                    
     627  2.64809151404926       0                      0                    
     628  2.65232009474263       0                      0                    
     629  2.656548675436         0                      0                    
     630  2.66077725612937       0                      0                    
     631  2.66500583682274       0                      0                    
     632  2.66923441751611       0                      0                    
     633  2.67346299820948       0                      0                    
     634  2.67769157890285       0                      0                    
     635  2.68192015959622       0                      0                    
     636  2.68614874028959       0                      0                    
     637  2.69037732098296       0                      0                    
     638  2.69460590167633       0                      0                    
     639  2.6988344823697        0                      0                    
     640  2.70306306306306       0                      0                    
     641  2.70729164375643       0                      0                    
     642  2.7115202244498        0                      0                    
     643  2.71574880514317       0                      0                    
     644  2.71997738583654       0                      0                    
     645  2.72420596652991       0                      0                    
     646  2.72843454722328       0                      0                    
     647  2.73266312791665       0                      0                    
     648  2.73689170861002       0                      0                    
     649  2.74112028930339       0                      0                    
     650  2.74534886999676       0                      0                    
     651  2.74957745069013       0                      0                    
     652  2.7538060313835        0                      0                    
     653  2.75803461207687       0                      0                    
     654  2.76226319277024       0                      0                    
     655  2.76649177346361       0                      0                    
     656  2.77072035415698       0                      0                    
     657  2.77494893485034       0                      0                    
     658  2.77917751554371       0                      0                    
     659  2.78340609623708       0                      0                    
     660  2.78763467693045       0                      0                    
     661  2.79186325762382       0                      0                    
     662  2.79609183831719       0                      0                    
     663  2.80032041901056       0                      0                    
     664  2.80454899970393       0                      0                    
     665  2.8087775803973        0                      0                    
     666  2.81300616109067       0                      0                    
     667  2.81723474178404       0                      0                    
     668  2.82146332247741       0                      0                    
     669  2.82569190317078       0                      0                    
     670  2.82992048386415       0                      0                    
     671  2.83414906455752       0                      0                    
     672  2.83837764525089       0                      0                    
     673  2.84260622594426       0                      0                    
     674  2.84683480663763       0                      0                    
     675  2.85106338733099       0                      0                    
     676  2.85529196802436       0                      0                    
     677  2.85952054871773       0                      0                    
     678  2.8637491294111        0                      0                    
     679  2.86797771010447       0                      0                    
     680  2.87220629079784       0                      0                    
     681  2.87643487149121       0                      0                    
     682  2.88066345218458       0                      0                    
     683  2.88489203287795       0                      0                    
     684  2.88912061357132       0                      0                    
     685  2.89334919426469       0                      0                    
     686  2.89757777495806       0                      0                    
     687  2.90180635565143       0                      0                    
     688  2.9060349363448        0                      0                    
     689  2.91026351703817       0                      0                    
     690  2.91449209773154       0                      0                    
     691  2.91872067842491       0                      0                    
     692  2.92294925911828       0                      0                    
     693  2.92717783981164       0                      0                    
     694  2.93140642050501       0                      0                    
     695  2.93563500119838       0                      0                    
     696  2.93986358189175       0                      0                    
     697  2.94409216258512       0                      0                    
     698  2.94832074327849       0                      0                    
     699  2.95254932397186       0                      0                    
     700  2.95677790466523       0                      0                    
     701  2.9610064853586        0                      0                    
     702  2.96523506605197       0                      0                    
     703  2.96946364674534       0                      0                    
     704  2.97369222743871       0                      0                    
     705  2.97792080813208       0                      0                    
     706  2.98214938882545       0                      0                    
     707  2.98637796951882       0                      0                    
     708  2.99060655021219       0                      0                    
     709  2.99483513090556       0                      0                    
     710  2.99906371159893       0                      0                    
     711  3.00329229229229       0                      0                    
     712  3.00752087298566       0                      0                    
     713  3.01174945367903       0                      0                    
     714  3.0159780343724        0                      0                    
     715  3.02020661506577       0                      0                    
     716  3.02443519575914       0                      0                    
     717  3.02866377645251       0                      0                    
     718  3.03289235714588       0                      0                    
     719  3.03712093783925       0                      0                    
     720  3.04134951853262       0                      0                    
     721  3.04557809922599       0                      0                    
     722  3.04980667991936       0                      0                    
     723  3.05403526061273       0                      0                    
     724  3.0582638413061        0                      0                    
     725  3.06249242199947       0                      0                    
     726  3.06672100269284       0                      0                    
     727  3.07094958338621       0                      0                    
     728  3.07517816407957       0                      0                    
     729  3.07940674477294       0                      0                    
     730  3.08363532546631       0                      0                    
     731  3.08786390615968       0                      0                    
     732  3.09209248685305       0                      0                    
     733  3.09632106754642       0                      0                    
     734  3.10054964823979       0                      0                    
     735  3.10477822893316       0                      0                    
     736  3.10900680962653       0                      0                    
     737  3.1132353903199        0                      0                    
     738  3.11746397101327       0                      0                    
     739  3.12169255170664       0                      0                    
     740  3.12592113240001       0                      0                    
     741  3.13014971309338       0                      0                    
     742  3.13437829378675       0                      0                    
     743  3.13860687448012       0                      0                    
     744  3.14283545517349       0                      0                    
     745  3.14706403586685       0                      0                    
     746  3.15129261656022       0                      0                    
     747  3.15552119725359       0                      0                    
     748  3.15974977794696       0                      0                    
     749  3.16397835864033       0                      0                    
     750  3.1682069393337        0                      0                    
     751  3.17243552002707       0                      0                    
     752  3.17666410072044       0                      0                    
     753  3.18089268141381       0                      0                    
     754  3.18512126210718       0                      0                    
     755  3.18934984280055       0                      0                    
     756  3.19357842349392       0                      0                    
     757  3.19780700418729       0                      0                    
     758  3.20203558488066       0                      0                    
     759  3.20626416557403       0                      0                    
     760  3.2104927462674        0                      0                    
     761  3.21472132696077       0                      0                    
     762  3.21894990765413       0                      0                    
     763  3.2231784883475        0                      0                    
     764  3.22740706904087       0                      0                    
     765  3.23163564973424       0                      0                    
     766  3.23586423042761       0                      0                    
     767  3.24009281112098       0                      0                    
     768  3.24432139181435       0                      0                    
     769  3.24854997250772       0                      0                    
     770  3.25277855320109       0                      0                    
     771  3.25700713389446       0                      0                    
     772  3.26123571458783       0                      0                    
     773  3.2654642952812        0                      0                    
     774  3.26969287597457       0                      0                    
     775  3.27392145666794       0                      0                    
     776  3.27815003736131       0                      0                    
     777  3.28237861805468       0                      0                    
     778  3.28660719874805       0                      0                    
     779  3.29083577944142       0                      0                    
     780  3.29506436013478       0                      0                    
     781  3.29929294082815       0                      0                    
     782  3.30352152152152       0                      0                    
     783  3.30775010221489       0                      0                    
     784  3.31197868290826       0                      0                    
     785  3.31620726360163       0                      0                    
     786  3.320435844295         0                      0                    
     787  3.32466442498837       0                      0                    
     788  3.32889300568174       0                      0                    
     789  3.33312158637511       0                      0                    
     790  3.33735016706848       0                      0                    
     791  3.34157874776185       0                      0                    
     792  3.34580732845522       0                      0                    
     793  3.35003590914859       0                      0                    
     794  3.35426448984196       0                      0                    
     795  3.35849307053533       0                      0                    
     796  3.3627216512287        0                      0                    
     797  3.36695023192207       0                      0                    
     798  3.37117881261543       0                      0                    
     799  3.3754073933088        0                      0                    
     800  3.37963597400217       0                      0                    
     801  3.38386455469554       0                      0                    
     802  3.38809313538891       0                      0                    
     803  3.39232171608228       0                      0                    
     804  3.39655029677565       0                      0                    
     805  3.40077887746902       0                      0                    
     806  3.40500745816239       0                      0                    
     807  3.40923603885576       0                      0                    
     808  3.41346461954913       0                      0                    
     809  3.4176932002425        0                      0                    
     810  3.42192178093587       0                      0                    
     811  3.42615036162924       0                      0                    
     812  3.43037894232261       0                      0                    
     813  3.43460752301598       0                      0                    
     814  3.43883610370935       0                      0                    
     815  3.44306468440272       0                      0                    
     816  3.44729326509608       0                      0                    
     817  3.45152184578945       0                      0                    
     818  3.45575042648282       0                      0                    
     819  3.45997900717619       0                      0                    
     820  3.46420758786956       0                      0                    
     821  3.46843616856293       0                      0                    
     822  3.4726647492563        0                      0                    
     823  3.47689332994967       0                      0                    
     824  3.48112191064304       0                      0                    
     825  3.48535049133641       0                      0                    
     826  3.48957907202978       0                      0                    
     827  3.49380765272315       0                      0                    
     828  3.49803623341652       0                      0                    
     829  3.50226481410989       0                      0                    
     830  3.50649339480326       0                      0                    
     831  3.51072197549663       0                      0                    
     832  3.51495055619          0                      0                    
     833  3.51917913688336       0                      0                    
     834  3.52340771757673       0                      0                    
     835  3.5276362982701        0                      0                    
     836  3.53186487896347       0                      0                    
     837  3.53609345965684       0                      0                    
     838  3.54032204035021       0                      0                    
     839  3.54455062104358       0                      0                    
     840  3.54877920173695       0                      0                    
     841  3.55300778243032       0                      0                    
     842  3.55723636312369       0                      0                    
     843  3.56146494381706       0                      0                    
     844  3.56569352451043       0                      0                    
     845  3.5699221052038        0                      0                    
     846  3.57415068589717       0                      0                    
     847  3.57837926659054       0                      0                    
     848  3.58260784728391       0                      0                    
     849  3.58683642797728       0                      0                    
     850  3.59106500867065       0                      0                    
     851  3.59529358936401       0                      0                    
     852  3.59952217005738       0                      0                    
     853  3.60375075075075       0                      0                    
     854  3.60797933144412       0                      0                    
     855  3.61220791213749       0                      0                    
     856  3.61643649283086       0                      0                    
     857  3.62066507352423       0                      0                    
     858  3.6248936542176        0                      0                    
     859  3.62912223491097       0                      0                    
     860  3.63335081560434       0                      0                    
     861  3.63757939629771       0                      0                    
     862  3.64180797699108       0                      0                    
     863  3.64603655768445       0                      0                    
     864  3.65026513837782       0                      0                    
     865  3.65449371907119       0                      0                    
     866  3.65872229976456       0                      0                    
     867  3.66295088045792       0                      0                    
     868  3.66717946115129       0                      0                    
     869  3.67140804184466       0                      0                    
     870  3.67563662253803       0                      0                    
     871  3.6798652032314        0                      0                    
     872  3.68409378392477       0                      0                    
     873  3.68832236461814       0                      0                    
     874  3.69255094531151       0                      0                    
     875  3.69677952600488       0                      0                    
     876  3.70100810669825       0                      0                    
     877  3.70523668739162       0                      0                    
     878  3.70946526808499       0                      0                    
     879  3.71369384877836       0                      0                    
     880  3.71792242947173       0                      0                    
     881  3.7221510101651        0                      0                    
     882  3.72637959085847       0                      0                    
     883  3.73060817155184       0                      0                    
     884  3.73483675224521       0                      0                    
     885  3.73906533293857       0                      0                    
     886  3.74329391363194       0                      0                    
     887  3.74752249432531       0                      0                    
     888  3.75175107501868       0                      0                    
     889  3.75597965571205       0                      0                    
     890  3.76020823640542       0                      0                    
     891  3.76443681709879       0                      0                    
     892  3.76866539779216       0                      0                    
     893  3.77289397848553       0                      0                    
     894  3.7771225591789        0                      0                    
     895  3.78135113987227       0                      0                    
     896  3.78557972056564       0                      0                    
     897  3.78980830125901       0                      0                    
     898  3.79403688195238       0                      0                    
     899  3.79826546264575       0                      0                    
     900  3.80249404333912       0                      0                    
     901  3.80672262403249       0                      0                    
     902  3.81095120472586       0                      0                    
     903  3.81517978541922       0                      0                    
     904  3.81940836611259       0                      0                    
     905  3.82363694680596       0                      0                    
     906  3.82786552749933       0                      0                    
     907  3.8320941081927        0                      0                    
     908  3.83632268888607       0                      0                    
     909  3.84055126957944       0                      0                    
     910  3.84477985027281       0                      0                    
     911  3.84900843096618       0                      0                    
     912  3.85323701165955       0                      0                    
     913  3.85746559235292       0                      0                    
     914  3.86169417304629       0                      0                    
     915  3.86592275373966       0                      0                    
     916  3.87015133443303       0                      0                    
     917  3.8743799151264        0                      0                    
     918  3.87860849581977       0                      0                    
     919  3.88283707651314       0                      0                    
     920  3.8870656572065        0                      0                    
     921  3.89129423789987       0                      0                    
     922  3.89552281859324       0                      0                    
     923  3.89975139928661       0                      0                    
     924  3.90397997997998       0                      0                    
     925  3.90820856067335       0                      0                    
     926  3.91243714136672       0                      0                    
     927  3.91666572206009       0                      0                    
     928  3.92089430275346       0                      0                    
     929  3.92512288344683       0                      0                    
     930  3.9293514641402        0                      0                    
     931  3.93358004483357       0                      0                    
     932  3.93780862552694       0                      0                    
     933  3.94203720622031       0                      0                    
     934  3.94626578691368       0                      0                    
     935  3.95049436760705       0                      0                    
     936  3.95472294830042       0                      0                    
     937  3.95895152899379       0                      0                    
     938  3.96318010968715       0                      0                    
     939  3.96740869038052       0                      0                    
     940  3.97163727107389       0                      0                    
     941  3.97586585176726       0                      0                    
     942  3.98009443246063       0                      0                    
     943  3.984323013154         0                      0                    
     944  3.98855159384737       0                      0                    
     945  3.99278017454074       0                      0                    
     946  3.99700875523411       0                      0                    
     947  4.00123733592748       0                      0                    
     948  4.00546591662085       0                      0                    
     949  4.00969449731422       0                      0                    
     950  4.01392307800759       0                      0                    
     951  4.01815165870096       0                      0                    
     952  4.02238023939433       0                      0                    
     953  4.0266088200877        0                      0                    
     954  4.03083740078107       0                      0                    
     955  4.03506598147444       0                      0                    
     956  4.0392945621678        0                      0                    
     957  4.04352314286117       0                      0                    
     958  4.04775172355454       0                      0                    
     959  4.05198030424791       0                      0                    
     960  4.05620888494128       0                      0                    
     961  4.06043746563465       0                      0                    
     962  4.06466604632802       0                      0                    
     963  4.06889462702139       0                      0                    
     964  4.07312320771476       0                      0                    
     965  4.07735178840813       0                      0                    
     966  4.0815803691015        0                      0                    
     967  4.08580894979487       0                      0                    
     968  4.09003753048824       0                      0                    
     969  4.09426611118161       0                      0                    
     970  4.09849469187498       0                      0                    
     971  4.10272327256835       0                      0                    
     972  4.10695185326172       0                      0                    
     973  4.11118043395509       0                      0                    
     974  4.11540901464845       0                      0                    
     975  4.11963759534182       0                      0                    
     976  4.12386617603519       0                      0                    
     977  4.12809475672856       0                      0                    
     978  4.13232333742193       0                      0                    
     979  4.1365519181153        0                      0                    
     980  4.14078049880867       0                      0                    
     981  4.14500907950204       0                      0                    
     982  4.14923766019541       0                      0                    
     983  4.15346624088878       0                      0                    
     984  4.15769482158215       0                      0                    
     985  4.16192340227552       0                      0                    
     986  4.16615198296889       0                      0                    
     987  4.17038056366226       0                      0                    
     988  4.17460914435563       0                      0                    
     989  4.178837725049         0                      0                    
     990  4.18306630574237       0                      0                    
     991  4.18729488643573       0                      0                    
     992  4.1915234671291        0                      0                    
     993  4.19575204782247       0                      0                    
     994  4.19998062851584       0                      0                    
     995  4.20420920920921       0                      0                    
     996  4.20843778990258       0                      0                    
     997  4.21266637059595       0                      0                    
     998  4.21689495128932       0                      0                    
     999  4.22112353198269       0                      0                    
    1000  4.22535211267606       0                      0                    
