# Time-averaged data for fix dump_ke
# TimeStep c_calc_ke c_calc_pe
0 503.547 -5018.62
100 495.853 -5011.05
200 455.146 -4970.24
300 424.95 -4940.45
400 416.279 -4931.37
500 420.051 -4935.02
600 428.668 -4943.65
700 445.794 -4960.98
800 475.342 -4990.24
900 525.148 -5039.99
1000 576.755 -5091.96
1100 619.127 -5133.92
1200 650.425 -5164.9
1300 682.856 -5198.69
1400 705.293 -5220.63
1500 731.622 -5246.83
1600 774.696 -5289.54
1700 795.961 -5310.85
1800 812.127 -5326.8
1900 804.732 -5319.7
2000 797.922 -5313.03
2100 820.227 -5335.38
2200 844.371 -5359.63
2300 856.911 -5371.78
2400 859.917 -5375.09
2500 876.745 -5392.08
2600 889.488 -5404.31
2700 886.332 -5400.88
2800 895.124 -5410.52
2900 912.449 -5427.08
3000 915.076 -5430.03
3100 923.359 -5438.49
3200 924.481 -5439.86
3300 934.515 -5449.03
3400 927.734 -5442.16
3500 950.67 -5465.62
3600 980.83 -5496.3
3700 998.038 -5512.84
3800 1000.5 -5514.92
3900 989.079 -5503.87
4000 987.249 -5502.22
4100 992.187 -5507.42
4200 997.633 -5512.93
4300 996.695 -5511.77
4400 997.977 -5513.25
4500 1011.87 -5526.54
4600 1022.04 -5536.92
4700 1027.21 -5543.01
4800 1023.56 -5538.45
4900 1021.15 -5535.66
5000 1012.47 -5527.25
5100 1019.8 -5534.77
5200 1031.5 -5546.23
5300 1031.5 -5546.95
5400 1032.83 -5548.27
5500 1037.66 -5553.53
5600 1040.42 -5555.21
5700 1040.38 -5555.8
5800 1034.24 -5548.57
5900 1038.52 -5553.74
6000 1045.88 -5561.04
6100 1043.07 -5557.75
6200 1041.15 -5555.92
6300 1040.03 -5554.38
6400 1046.1 -5561.68
6500 1060.79 -5575.6
6600 1068.54 -5582.84
6700 1069.83 -5585.21
6800 1064.72 -5579.59
6900 1080.3 -5595.07
7000 1097.26 -5612.75
7100 1090.07 -5605.03
7200 1082.56 -5597.14
7300 1078.66 -5594.3
7400 1065.14 -5580.64
7500 1066.55 -5581.72
7600 1088.52 -5603.68
7700 1098.07 -5612.8
7800 1093.92 -5609.18
7900 1103.17 -5618.25
8000 1105.73 -5620.81
8100 1104.65 -5619.8
8200 1103.57 -5618.1
8300 1113.12 -5627.96
8400 1117.65 -5633.56
8500 1125.85 -5640.96
8600 1141.99 -5657.65
8700 1129.59 -5644.14
8800 1110.46 -5625.6
8900 1125.56 -5640.33
9000 1132.46 -5647.47
9100 1118 -5632.93
9200 1128.68 -5643.54
9300 1137.59 -5653.05
9400 1123.53 -5638.66
9500 1123.19 -5638.01
9600 1125.85 -5640.61
9700 1117.9 -5632.86
9800 1106.24 -5621.43
9900 1109.05 -5624.06
10000 1112.74 -5627.85
10100 1116.35 -5631.67
10200 1117.85 -5633.02
10300 1125.76 -5640.22
10400 1127.31 -5642.68
10500 1120.4 -5634.47
10600 1124.78 -5639.92
10700 1134 -5649.18
10800 1125.17 -5640.16
10900 1119.97 -5634.93
11000 1137.75 -5652.45
11100 1146.85 -5661.42
11200 1133.69 -5649.05
11300 1120.32 -5635.22
11400 1138.61 -5653.92
11500 1149.23 -5665.15
11600 1145.24 -5660.46
11700 1139.97 -5655.3
11800 1142.85 -5657.68
11900 1148.79 -5664.37
12000 1153.53 -5668.55
12100 1146.67 -5661.46
12200 1144.71 -5659.38
12300 1157.65 -5673.53
12400 1163.94 -5679.17
12500 1158.28 -5672.84
12600 1146.48 -5662.3
12700 1144.77 -5659.22
12800 1153.22 -5668.66
12900 1154.16 -5669.17
13000 1146.5 -5661.86
13100 1150.99 -5666.11
13200 1161.57 -5676.31
13300 1155.73 -5670.61
13400 1147.67 -5663
13500 1161.38 -5677.13
13600 1164.14 -5679.15
13700 1154.31 -5668.79
13800 1151.65 -5666.65
13900 1157.16 -5671.99
14000 1152.79 -5668.02
14100 1146.33 -5661.92
14200 1129.59 -5645.18
14300 1115.89 -5630.48
14400 1138.43 -5653.12
14500 1170.77 -5685.48
14600 1184.83 -5700.38
14700 1177.37 -5691.9
14800 1182.77 -5698.23
14900 1187.18 -5702.72
15000 1170.94 -5685.45
15100 1148.59 -5663.36
15200 1153.53 -5668.16
15300 1177.65 -5693.26
15400 1195.93 -5710.57
15500 1190.77 -5705.06
15600 1175.63 -5690.61
15700 1178.38 -5694.21
15800 1191.47 -5707.06
15900 1189.8 -5705.33
16000 1178.24 -5693.02
16100 1170.99 -5685.91
16200 1170.06 -5684.68
16300 1160.16 -5675.44
16400 1159.28 -5674.16
16500 1155.16 -5670.29
16600 1146.13 -5661
16700 1138.64 -5653.96
16800 1145.52 -5660.67
16900 1133.83 -5648.7
17000 1121.19 -5636.37
17100 1118.3 -5633.55
17200 1142.91 -5657.33
17300 1162.98 -5677.66
17400 1164.26 -5679.17
17500 1160.49 -5675.84
17600 1172.06 -5687.02
17700 1179.48 -5694.27
17800 1187.18 -5702.67
17900 1186.06 -5700.8
18000 1188.89 -5704.43
18100 1190.97 -5705.52
18200 1187.13 -5702.55
18300 1163.89 -5678.47
18400 1161.08 -5675.98
18500 1165.99 -5680.93
18600 1164.64 -5680.27
18700 1167.31 -5682.16
18800 1174.86 -5690.51
18900 1167.14 -5682.35
19000 1149.73 -5664.56
19100 1155.18 -5670.62
19200 1179.46 -5694.56
19300 1185.81 -5701
19400 1186.68 -5701.53
19500 1183.32 -5698.72
19600 1187.22 -5701.51
19700 1196.27 -5711.24
19800 1201.32 -5716.78
19900 1214.09 -5728.29
20000 1223.42 -5738.84
20100 1226.11 -5740.79
20200 1222.84 -5737.28
20300 1227.4 -5742.09
20400 1232.02 -5746.96
20500 1230.34 -5744.83
20600 1225.72 -5740.96
20700 1221.85 -5736.84
20800 1209.09 -5723.55
20900 1203.56 -5719.31
21000 1205.08 -5719.79
21100 1204.55 -5719.83
21200 1186.78 -5701.78
21300 1173.64 -5689.1
21400 1178.64 -5693.1
21500 1193.69 -5707.75
21600 1204.35 -5719.69
21700 1217.93 -5732.37
21800 1224.24 -5738.89
21900 1220.1 -5735.27
22000 1212.93 -5728.06
22100 1211.19 -5725.7
22200 1214.58 -5728.59
22300 1215.77 -5730.02
22400 1211.9 -5727.1
22500 1211.27 -5725.99
22600 1216.17 -5731.14
22700 1207.47 -5722.58
22800 1197.11 -5711.76
22900 1187.57 -5702.8
23000 1202.46 -5717.46
23100 1210.56 -5725.87
23200 1205.14 -5719.73
23300 1202.31 -5717.1
23400 1203.27 -5719.21
23500 1191.01 -5705.83
23600 1182.55 -5696.99
23700 1175.4 -5691.12
23800 1176.41 -5691.33
23900 1178.71 -5693.47
24000 1171.01 -5686.23
24100 1173.71 -5688.58
24200 1181.62 -5697.11
24300 1179.8 -5694.7
24400 1179.91 -5694.47
24500 1169.86 -5685.06
24600 1174.26 -5689.28
24700 1186.49 -5701.57
24800 1178.19 -5693.53
24900 1179.22 -5694.75
25000 1187.76 -5702.33
25100 1189.13 -5704.11
25200 1195.91 -5710.98
25300 1197.77 -5713.07
25400 1194.34 -5709.41
25500 1200.32 -5714.99
25600 1209.37 -5724.59
25700 1211.3 -5726.4
25800 1210.29 -5725.21
25900 1218.35 -5732.8
26000 1225.84 -5740.31
26100 1224.07 -5739.1
26200 1223.24 -5737.41
26300 1217.42 -5731.59
26400 1220.65 -5735.69
26500 1216.92 -5732.05
26600 1211.95 -5727.04
26700 1194.24 -5709.15
26800 1171.73 -5686.68
26900 1167.53 -5682.86
27000 1179.43 -5694.98
27100 1180.75 -5695.79
27200 1182.89 -5698.43
27300 1186.92 -5702.31
27400 1188.92 -5705.04
27500 1200.82 -5715.95
27600 1209.05 -5723.87
27700 1194.44 -5709.07
27800 1179.31 -5693.37
27900 1185.98 -5701.3
28000 1188.89 -5703.57
28100 1195.88 -5711.59
28200 1214.14 -5728.92
28300 1214.9 -5730.08
28400 1216.59 -5731.06
28500 1212.61 -5727.6
28600 1217.13 -5732.96
28700 1230.57 -5745.62
28800 1232.19 -5747.44
28900 1237.45 -5752.88
29000 1223.36 -5738.32
29100 1208.02 -5723.17
29200 1201.38 -5716.67
29300 1183.31 -5698.76
29400 1177.15 -5692.09
29500 1173.92 -5688.65
29600 1187.49 -5702.01
29700 1187.1 -5701.49
29800 1184.43 -5700.31
29900 1195.2 -5709.55
30000 1194.06 -5709
30100 1192.01 -5706.94
30200 1199.77 -5714.5
30300 1196.29 -5711.1
30400 1198.77 -5713.7
30500 1206.94 -5721.82
30600 1179.74 -5694.31
30700 1151.38 -5665.92
30800 1157.94 -5673.35
30900 1178.1 -5693.45
31000 1192.63 -5707.03
31100 1190.47 -5705.49
31200 1183.2 -5698.3
31300 1175.84 -5690.33
31400 1176.27 -5691.61
31500 1164.68 -5679.93
31600 1146.93 -5661.62
31700 1161.78 -5676.8
31800 1168.89 -5684.43
31900 1154.15 -5668.33
32000 1147.33 -5662.11
32100 1161.2 -5676.16
32200 1174.18 -5689.04
32300 1169.68 -5684.66
32400 1181.83 -5696.54
32500 1200.3 -5715.81
32600 1186.89 -5701.65
32700 1181.31 -5696.25
32800 1186.79 -5701.96
32900 1174.18 -5688.07
33000 1172.7 -5687.2
33100 1208.22 -5723.9
33200 1216.38 -5731.75
33300 1181.61 -5696.71
33400 1181.65 -5696.56
33500 1198.06 -5713.11
33600 1196.63 -5711.24
33700 1187.35 -5701.53
33800 1191.15 -5705.59
33900 1193.62 -5709.25
34000 1189.85 -5704.58
34100 1196.1 -5711.51
34200 1201.49 -5716.26
34300 1186.73 -5702.23
34400 1165.22 -5680.24
34500 1173.62 -5688.28
34600 1201.19 -5715.84
34700 1215.79 -5730.52
34800 1204.59 -5719.36
34900 1195.67 -5711.15
35000 1191.89 -5707.33
35100 1184.83 -5699.03
35200 1181.32 -5696.47
35300 1187.96 -5703.13
35400 1188.24 -5702.89
35500 1192.41 -5707.54
35600 1193.76 -5709.04
35700 1183.18 -5697.44
35800 1177.77 -5692.59
35900 1185.63 -5700.51
36000 1201.91 -5717.33
36100 1207.05 -5721.29
36200 1203.54 -5719.31
36300 1208.67 -5723.57
36400 1212.15 -5726.82
36500 1230.42 -5745.71
36600 1241.45 -5756.57
36700 1238.9 -5754.25
36800 1240.36 -5755
36900 1230.69 -5745.08
37000 1206.11 -5721.87
37100 1190.28 -5704.96
37200 1187.4 -5702.24
37300 1185.59 -5701.11
37400 1182.95 -5697.79
37500 1184.9 -5699.73
37600 1194.15 -5708.79
37700 1195.94 -5711.05
37800 1202.09 -5717.37
37900 1218.7 -5733.51
38000 1207.91 -5723.09
38100 1189.96 -5704.85
38200 1193.96 -5708.77
38300 1208.98 -5723.72
38400 1214.2 -5729.14
38500 1216.45 -5730.86
38600 1231.33 -5746.28
38700 1242.54 -5757.8
38800 1260.61 -5775.14
38900 1269.41 -5783.94
39000 1266.61 -5782.25
39100 1254.25 -5769.72
39200 1237.98 -5753.37
39300 1243.72 -5759.19
39400 1253.1 -5767.42
39500 1241.08 -5756.67
39600 1230.18 -5745.1
39700 1217.44 -5732.65
39800 1209.64 -5724.84
39900 1212.86 -5727.26
40000 1207.63 -5722.01
40100 1187.44 -5701.8
40200 1191.84 -5707.27
40300 1213.86 -5729.26
40400 1214.31 -5729.51
40500 1211.93 -5727.21
40600 1205.17 -5720.85
40700 1198.7 -5713.87
40800 1214.07 -5729.48
40900 1222.57 -5737.41
41000 1220.89 -5736.42
41100 1207.88 -5723.48
41200 1211.97 -5727.31
41300 1210.35 -5725.72
41400 1205.33 -5719.79
41500 1221.46 -5736.02
41600 1245.16 -5760.22
41700 1249.53 -5764.41
41800 1243.84 -5758.37
41900 1240.33 -5754.77
42000 1225.6 -5741.02
42100 1224.98 -5740.05
42200 1235.32 -5749.6
42300 1225.25 -5739.87
42400 1207.15 -5722.23
42500 1195.28 -5710.29
42600 1199.02 -5714.35
42700 1233.8 -5749.36
42800 1241.25 -5756.62
42900 1238.87 -5753.55
43000 1243.52 -5758.51
43100 1239.18 -5754.03
43200 1226.03 -5739.85
43300 1219.61 -5734.45
43400 1212.39 -5726.43
43500 1199.59 -5714.69
43600 1206.69 -5721.58
43700 1232.42 -5747.16
43800 1244.36 -5759.44
43900 1239.1 -5754.75
44000 1236.45 -5751.47
44100 1229.94 -5744.78
44200 1216.06 -5730.92
44300 1192.54 -5707.58
44400 1172 -5687.18
44500 1168.94 -5683.63
44600 1190.08 -5704.58
44700 1206.69 -5721.88
44800 1220.61 -5735.7
44900 1240.1 -5755.38
45000 1241.62 -5757.2
45100 1244.38 -5760.2
45200 1250.93 -5765.57
45300 1243.85 -5759.16
45400 1236.38 -5751.25
45500 1238.24 -5752.19
45600 1250.72 -5765.57
45700 1233.05 -5748.13
45800 1207.24 -5721.98
45900 1199.42 -5714.36
46000 1192.73 -5707.55
46100 1186.71 -5701.74
46200 1195.7 -5710.96
46300 1196.29 -5711.05
46400 1182.94 -5697.76
46500 1189.74 -5704.79
46600 1203.85 -5718.78
46700 1198.17 -5713.31
46800 1196.22 -5711.69
46900 1179.36 -5694.24
47000 1171.27 -5686.27
47100 1188.54 -5703.36
47200 1210.87 -5725.89
47300 1213.41 -5728.46
47400 1209.38 -5724.25
47500 1205.95 -5720.17
47600 1235.54 -5750.08
47700 1242.41 -5756.94
47800 1202.55 -5716.8
47900 1194.07 -5709.01
48000 1200.07 -5715.98
48100 1212.59 -5727.66
48200 1206.93 -5722.38
48300 1179.79 -5695.52
48400 1168.94 -5684.47
48500 1181.87 -5697.52
48600 1206.11 -5721.47
48700 1205.16 -5720.31
48800 1190.84 -5706.1
48900 1176.47 -5691.5
49000 1174.62 -5689.61
49100 1187.02 -5702.14
49200 1191.33 -5706.33
49300 1194.69 -5709.78
49400 1200.39 -5714.73
49500 1198.28 -5713.37
49600 1204.69 -5719.58
49700 1210.58 -5725.5
49800 1217.48 -5731.88
49900 1235.72 -5751.18
50000 1244.1 -5758.78
50100 1232.29 -5747.22
50200 1230.16 -5746.34
50300 1231.2 -5746
50400 1220.29 -5736.15
50500 1210.09 -5724.87
50600 1208.09 -5722.41
50700 1216.8 -5732.26
50800 1207.56 -5722.74
50900 1202.62 -5717.68
51000 1185.8 -5700.64
51100 1170.7 -5686.02
51200 1172.81 -5687.81
51300 1162.56 -5677.9
51400 1166.68 -5680.77
51500 1192.82 -5707.35
51600 1219.29 -5733.47
51700 1254.64 -5769.47
51800 1264.3 -5779.74
51900 1266.86 -5782.39
52000 1256.53 -5771.78
52100 1230.47 -5745.65
52200 1224.42 -5739.89
52300 1222.32 -5736.7
52400 1221.45 -5736.51
52500 1221.2 -5736.6
52600 1213.53 -5728.02
52700 1222.1 -5737.34
52800 1238.59 -5753.15
52900 1250.35 -5765.56
53000 1256.7 -5771.37
53100 1259.94 -5774.26
53200 1259.21 -5774.77
53300 1248.51 -5763.49
53400 1225.76 -5740.28
53500 1217.27 -5732.5
53600 1225.14 -5740.16
53700 1206.28 -5721.88
53800 1189.57 -5704.45
53900 1194.66 -5709.78
54000 1195.45 -5710.2
54100 1190.06 -5704.69
54200 1198.7 -5712.97
54300 1229.98 -5744.74
54400 1228.27 -5742.85
54500 1210.2 -5724.99
54600 1215.4 -5730.44
54700 1230.92 -5745.42
54800 1237.74 -5752.01
54900 1226.64 -5741.62
55000 1212.47 -5727.15
55100 1196.04 -5711.63
55200 1206.55 -5721.25
55300 1223.15 -5738.03
55400 1229.7 -5744.61
55500 1228.72 -5743.52
55600 1209.44 -5723.92
55700 1181.28 -5695.93
55800 1183.55 -5698.41
55900 1199.01 -5713.95
56000 1209.08 -5722.93
56100 1217.21 -5731.74
56200 1218.03 -5733.17
56300 1213.95 -5729.11
56400 1219.03 -5734.67
56500 1215.26 -5730.36
56600 1207.48 -5722.76
56700 1214.94 -5729.97
56800 1216.01 -5730.94
56900 1203.93 -5718.77
57000 1206.32 -5721.18
57100 1207.83 -5722.97
57200 1202.46 -5717.25
57300 1203.69 -5718.22
57400 1215.04 -5729.57
57500 1201.54 -5717.33
57600 1189.51 -5704.13
57700 1193.4 -5708.23
57800 1183.78 -5698.63
57900 1190.27 -5705.92
58000 1197.95 -5712.77
58100 1190.51 -5705.24
58200 1189.69 -5704.09
58300 1187.66 -5702.25
58400 1209.42 -5724.52
58500 1219.99 -5734.68
58600 1206.99 -5721.55
58700 1209.07 -5724.41
58800 1215.58 -5730.36
58900 1207.91 -5722.72
59000 1197.35 -5713.12
59100 1190.08 -5704.72
59200 1190.46 -5705.41
59300 1185.26 -5700.37
59400 1190.94 -5705.98
59500 1212.89 -5728.3
59600 1212.56 -5727.85
59700 1197.01 -5711.71
59800 1180.8 -5695.32
59900 1178.32 -5692.55
60000 1197.2 -5712.61
60100 1206.31 -5720.86
60200 1218.98 -5734.09
60300 1224.74 -5738.38
60400 1211.91 -5727.23
60500 1210.25 -5724.9
60600 1217.96 -5733.66
60700 1218.44 -5734.03
60800 1202.3 -5717.05
60900 1197.48 -5712.12
61000 1219.32 -5734.29
61100 1218.13 -5732.82
61200 1226.8 -5741.93
61300 1238.22 -5752.93
61400 1237.99 -5753.02
61500 1229.59 -5743.99
61600 1219.68 -5735.05
61700 1216.09 -5730.98
61800 1223.95 -5738.47
61900 1219.89 -5735.03
62000 1196.84 -5711.72
62100 1199.7 -5714.54
62200 1196.37 -5711.64
62300 1196.94 -5712.7
62400 1204.01 -5718.88
62500 1212.07 -5727.49
62600 1203.29 -5718.41
62700 1199.89 -5714.68
62800 1205.7 -5720.57
62900 1199.72 -5714.38
63000 1216.27 -5730.93
63100 1227.49 -5742.87
63200 1214.89 -5730.24
63300 1218.79 -5732.98
63400 1218.55 -5733.4
63500 1208.28 -5722.68
63600 1199.62 -5715.3
63700 1192.51 -5707.57
63800 1191.58 -5706.34
63900 1189.02 -5703.58
64000 1190.93 -5705.49
64100 1200.46 -5714.78
64200 1200.72 -5715.75
64300 1203.11 -5718.38
64400 1209.09 -5724.81
64500 1207.63 -5722.42
64600 1196.62 -5712.09
64700 1184.82 -5699.29
64800 1184.16 -5698.32
64900 1189.96 -5704.57
65000 1184.92 -5700.89
65100 1175.67 -5690.32
65200 1185.31 -5700.89
65300 1198.06 -5713.08
65400 1200.35 -5714.99
65500 1204.97 -5720.23
65600 1221.57 -5736.24
65700 1223.83 -5738.84
65800 1217.98 -5732.56
65900 1222.6 -5737.64
66000 1223.5 -5739.05
66100 1211.35 -5726.73
66200 1206.48 -5721.5
66300 1210.38 -5725.66
66400 1195.69 -5710.13
66500 1203.72 -5718.74
66600 1210.75 -5725.47
66700 1195.38 -5710.34
66800 1187.88 -5703.26
66900 1205.13 -5720.11
67000 1217.01 -5731.95
67100 1221.76 -5737.41
67200 1220.19 -5735.09
67300 1223.93 -5739.65
67400 1244.26 -5758.97
67500 1258.36 -5773.05
67600 1251.34 -5766.19
67700 1229.12 -5744.65
67800 1232.96 -5748.58
67900 1242.22 -5757.1
68000 1247.17 -5762.35
68100 1239.49 -5754.51
68200 1231.72 -5747.12
68300 1227.87 -5742.25
68400 1209.71 -5725.25
68500 1211.21 -5726.16
68600 1230.14 -5745.13
68700 1225.07 -5740
68800 1193.08 -5708.08
68900 1180.64 -5695.99
69000 1178.86 -5693.73
69100 1186.63 -5701.66
69200 1191.24 -5705.51
69300 1195 -5709.67
69400 1196.91 -5710.83
69500 1206.46 -5720.86
69600 1206.14 -5720.55
69700 1185.24 -5700.71
69800 1163.31 -5678.37
69900 1161.01 -5675.96
70000 1164.52 -5679.79
70100 1160.9 -5675.6
70200 1165.75 -5681.02
70300 1187.11 -5702.34
70400 1197.26 -5712.61
70500 1182.25 -5696.88
70600 1172.4 -5687.95
70700 1185.61 -5701.2
70800 1183.84 -5698.82
70900 1163.1 -5676.98
71000 1169.05 -5684.13
71100 1175.59 -5690.66
71200 1156.94 -5671.64
71300 1158.73 -5672.89
71400 1164.03 -5679.33
71500 1172.21 -5688
71600 1171.14 -5685.96
71700 1189.19 -5704.19
71800 1210.11 -5725.1
71900 1206.7 -5721.5
72000 1198.07 -5712.61
72100 1190.25 -5704.87
72200 1187.91 -5703.36
72300 1216.52 -5731.13
72400 1229.85 -5743.89
72500 1214.24 -5729.38
72600 1201.14 -5716.61
72700 1207.19 -5722.19
72800 1212.61 -5727.18
72900 1217.32 -5731.87
73000 1229.13 -5742.85
73100 1230.56 -5746.33
73200 1205.05 -5719.27
73300 1200.16 -5715.2
73400 1202.87 -5717.17
73500 1207.41 -5721.82
73600 1204.01 -5719.19
73700 1196.29 -5712.19
73800 1198.74 -5713.14
73900 1212.43 -5727.41
74000 1219.89 -5734.97
74100 1227.41 -5742.62
74200 1216.54 -5731.55
74300 1211.48 -5726.33
74400 1210.38 -5725.23
74500 1214.85 -5729.69
74600 1199.7 -5714.94
74700 1164.34 -5679.67
74800 1145.39 -5659.39
74900 1160.58 -5675.82
75000 1159.07 -5673.12
75100 1158.83 -5673.99
75200 1173.8 -5689.16
75300 1184.5 -5699.26
75400 1184.71 -5699.73
75500 1181.21 -5696.87
75600 1175.83 -5690.83
75700 1176.87 -5692.4
75800 1183.64 -5698.53
75900 1187.49 -5702.88
76000 1186.59 -5701.93
76100 1184.58 -5700.38
76200 1191.2 -5706.56
76300 1205.8 -5720.59
76400 1211.38 -5726.25
76500 1210.94 -5726.22
76600 1211.24 -5726.6
76700 1196.69 -5711.89
76800 1188.5 -5703.74
76900 1206.55 -5721.15
77000 1209.31 -5724.54
77100 1201.53 -5716.27
77200 1193.63 -5708.63
77300 1199.2 -5714.17
77400 1225.95 -5740.81
77500 1214.21 -5728.88
77600 1218.07 -5733.15
77700 1236.34 -5751.22
77800 1236.2 -5752.02
77900 1220.6 -5736.48
78000 1225.04 -5740.4
78100 1227.46 -5742.75
78200 1216.01 -5731.33
78300 1211.12 -5726.28
78400 1203.47 -5718.67
78500 1195.34 -5709.54
78600 1198.22 -5713.19
78700 1206.29 -5720.94
78800 1202.79 -5717.69
78900 1206.94 -5721.16
79000 1208.09 -5723.58
79100 1203.32 -5718.48
79200 1224.08 -5740.08
79300 1233.39 -5748.82
79400 1226.44 -5741.42
79500 1230.43 -5744.86
79600 1226.8 -5741.98
79700 1207.67 -5722.87
79800 1207.58 -5722.95
79900 1224.46 -5738.88
80000 1217.65 -5732.22
80100 1200.94 -5715.52
80200 1187.23 -5702.83
80300 1196.31 -5712.03
80400 1194 -5708.88
80500 1167.82 -5682.12
80600 1172.07 -5687.25
80700 1176.17 -5691.36
80800 1187.14 -5702.21
80900 1198.76 -5713.42
81000 1198.97 -5713.44
81100 1193.93 -5709.59
81200 1203.16 -5718
81300 1222.21 -5736.89
81400 1233.64 -5748.76
81500 1238.7 -5753.58
81600 1235.04 -5749.64
81700 1226.18 -5740.01
81800 1219.4 -5734.46
81900 1219.37 -5734.33
82000 1217.69 -5731.62
82100 1229.89 -5745.27
82200 1243.11 -5758.03
82300 1240.42 -5755.65
82400 1227.85 -5742.96
82500 1222.71 -5737.92
82600 1234.18 -5749.78
82700 1250.08 -5764.92
82800 1251.36 -5765.99
82900 1232.62 -5748.1
83000 1217.93 -5732.83
83100 1215.94 -5731.02
83200 1220.34 -5734.45
83300 1216.18 -5731.62
83400 1207.65 -5722.3
83500 1211.21 -5726.38
83600 1214.03 -5728.62
83700 1217.16 -5732.34
83800 1236.45 -5751.38
83900 1247.17 -5761.84
84000 1244.14 -5758.96
84100 1247.56 -5762.25
84200 1232.67 -5747.19
84300 1205.55 -5721.31
84400 1195.04 -5710.24
84500 1198.21 -5713.32
84600 1193.88 -5708.78
84700 1184.57 -5699.3
84800 1177.36 -5692.61
84900 1169.69 -5685.31
85000 1183.12 -5697.72
85100 1197.2 -5712.39
85200 1221.09 -5736.05
85300 1238.43 -5753.43
85400 1229.56 -5744.51
85500 1218.8 -5733.47
85600 1218.06 -5732.9
85700 1220.86 -5735.93
85800 1239.98 -5755.18
85900 1246.92 -5761.33
86000 1245.77 -5761.34
86100 1253.8 -5768.33
86200 1249.32 -5763.45
86300 1248.34 -5763.21
86400 1244.42 -5758.85
86500 1233.4 -5747.74
86600 1224.41 -5739.02
86700 1214.04 -5728.71
86800 1209.84 -5724.78
86900 1205.07 -5720.16
87000 1221.35 -5737
87100 1237.09 -5752.12
87200 1224.46 -5739.71
87300 1213.05 -5728.59
87400 1236.89 -5752.36
87500 1252.16 -5767.42
87600 1217.04 -5732.28
87700 1205.33 -5720.37
87800 1223.87 -5739.5
87900 1236.68 -5752.5
88000 1235.75 -5750.6
88100 1218.78 -5734.61
88200 1204.43 -5718.75
88300 1217.49 -5732.22
88400 1214.99 -5730.05
88500 1216.01 -5730.83
88600 1227.93 -5742.74
88700 1222.15 -5737.15
88800 1202.35 -5717.76
88900 1205.22 -5720.26
89000 1214.21 -5728.42
89100 1230.4 -5745.85
89200 1243.92 -5758.11
89300 1229.64 -5744.64
89400 1229.07 -5743.99
89500 1231.4 -5746.1
89600 1236.61 -5751.44
89700 1234.45 -5749.17
89800 1217.61 -5732.63
89900 1208.86 -5724.1
90000 1205.59 -5721.07
90100 1207.44 -5722.61
90200 1202.21 -5717.17
90300 1199.41 -5714.51
90400 1203.83 -5719.52
90500 1208.81 -5723.78
90600 1214.72 -5729.57
90700 1224.16 -5738.87
90800 1225.78 -5741.01
90900 1231.11 -5746.21
91000 1236.96 -5751.58
91100 1238.79 -5753.73
91200 1223.72 -5738.93
91300 1197.93 -5713.54
91400 1189.93 -5705.11
91500 1198.77 -5713.74
91600 1192.82 -5708.16
91700 1184.04 -5698.13
91800 1193.26 -5708.34
91900 1199.79 -5714.72
92000 1197.55 -5712.92
92100 1178.99 -5693.82
92200 1186.62 -5700.99
92300 1200.04 -5714.68
92400 1205.47 -5720.8
92500 1199.3 -5714.14
92600 1193.55 -5709.49
92700 1209.15 -5723.96
92800 1213.19 -5727.83
92900 1214.08 -5729.84
93000 1227.41 -5743.12
93100 1248.78 -5763.22
93200 1241.28 -5756.82
93300 1235.76 -5750.35
93400 1229.41 -5744.42
93500 1219.62 -5734.22
93600 1220.3 -5735.67
93700 1215.65 -5731.64
93800 1215.53 -5730.59
93900 1220.45 -5735.11
94000 1207.98 -5723.42
94100 1209.5 -5724.76
94200 1224.19 -5739.21
94300 1241.99 -5757.2
94400 1253.92 -5769.45
94500 1251.9 -5767.18
94600 1248.67 -5764.2
94700 1252.56 -5767.59
94800 1239.95 -5755.44
94900 1218.34 -5733.48
95000 1210.37 -5726.17
95100 1204.08 -5718.52
95200 1191.89 -5706.33
95300 1185.78 -5700.78
95400 1196.04 -5711.18
95500 1210.14 -5724.24
95600 1210.7 -5726.05
95700 1219.64 -5734.98
95800 1228.64 -5743.68
95900 1227.13 -5742.52
96000 1221.61 -5736.32
96100 1198.79 -5713.99
96200 1188.08 -5702.35
96300 1189.64 -5704.36
96400 1192.13 -5706.98
96500 1196.43 -5711.34
96600 1207.43 -5722.72
96700 1212.6 -5728.47
96800 1198.32 -5713.48
96900 1197.17 -5711.99
97000 1218.29 -5733.49
97100 1227.75 -5742.18
97200 1209.4 -5724.49
97300 1193.44 -5707.89
97400 1197.95 -5713.07
97500 1209.47 -5724.14
97600 1193.78 -5708.5
97700 1206.39 -5721.21
97800 1222.51 -5737.59
97900 1204.82 -5720.3
98000 1182.18 -5697.38
98100 1188.26 -5702.95
98200 1187.42 -5702.44
98300 1192.32 -5707.26
98400 1186.64 -5701.39
98500 1172.5 -5688.13
98600 1183.43 -5698.86
98700 1191.18 -5706.72
98800 1208.54 -5723.18
98900 1225.66 -5740.8
99000 1237.07 -5751.53
99100 1246.64 -5761.77
99200 1238.06 -5752.55
99300 1237.48 -5752.66
99400 1232.09 -5746.4
99500 1217.97 -5732.8
99600 1217.29 -5732.94
99700 1217.12 -5732.47
99800 1221.95 -5737.02
99900 1206.3 -5720.28
100000 1198.4 -5712.49
