# Time-averaged data for fix dump_pressure
# TimeStep c_calc_pressure
0 3.35105
100 3.30122
200 3.28103
300 3.02118
400 2.56723
500 2.13422
600 1.89392
700 1.83978
800 1.88888
900 1.89137
1000 1.93678
1100 2.0853
1200 2.28688
1300 2.39135
1400 2.48865
1500 2.425
1600 2.14555
1700 2.02647
1800 2.02166
1900 2.25103
2000 2.46222
2100 2.36924
2200 2.19401
2300 2.10323
2400 2.06521
2500 1.89304
2600 1.76221
2700 1.76982
2800 1.66903
2900 1.52521
3000 1.52832
3100 1.53929
3200 1.64242
3300 1.72119
3400 1.9162
3500 1.85494
3600 1.72162
3700 1.72827
3800 1.88793
3900 2.14233
4000 2.24951
4100 2.18479
4200 2.02909
4300 1.88838
4400 1.73591
4500 1.55101
4600 1.48278
4700 1.54218
4800 1.73225
4900 1.90494
5000 2.07057
5100 2.04174
5200 1.9204
5300 1.84853
5400 1.75358
5500 1.63006
5600 1.58319
5700 1.58367
5800 1.65386
5900 1.57476
6000 1.45019
6100 1.43797
6200 1.46747
6300 1.54099
6400 1.56549
6500 1.55622
6600 1.59675
6700 1.66517
6800 1.74911
6900 1.59641
7000 1.39084
7100 1.3982
7200 1.42237
7300 1.40978
7400 1.47382
7500 1.41273
7600 1.20466
7700 1.16766
7800 1.27738
7900 1.30781
8000 1.39975
8100 1.53618
8200 1.66797
8300 1.65666
8400 1.63013
8500 1.55965
8600 1.42287
8700 1.57
8800 1.75429
8900 1.66062
9000 1.62056
9100 1.73907
9200 1.61551
9300 1.45292
9400 1.47137
9500 1.40995
9600 1.39376
9700 1.53876
9800 1.72858
9900 1.76998
10000 1.75409
10100 1.72532
10200 1.72532
10300 1.69332
10400 1.70017
10500 1.76625
10600 1.67814
10700 1.55516
10800 1.60362
10900 1.62654
11000 1.45086
11100 1.34279
11200 1.42997
11300 1.53166
11400 1.34819
11500 1.21588
11600 1.24302
11700 1.28106
11800 1.25197
11900 1.18137
12000 1.17602
12100 1.31166
12200 1.43292
12300 1.42535
12400 1.47885
12500 1.60535
12600 1.7244
12700 1.75137
12800 1.65934
12900 1.6576
13000 1.73586
13100 1.70392
13200 1.59544
13300 1.60811
13400 1.63642
13500 1.49359
13600 1.44881
13700 1.4824
13800 1.38677
13900 1.19763
14000 1.11611
14100 1.15922
14200 1.40424
14300 1.67312
14400 1.60577
14500 1.42567
14600 1.40378
14700 1.57801
14800 1.59973
14900 1.61968
15000 1.83611
15100 2.07761
15200 2.03591
15300 1.76666
15400 1.57993
15500 1.6401
15600 1.79925
15700 1.77241
15800 1.61859
15900 1.54931
16000 1.54823
16100 1.48507
16200 1.38099
16300 1.3676
16400 1.3299
16500 1.32008
16600 1.34286
16700 1.30358
16800 1.14969
16900 1.17359
17000 1.25043
17100 1.26722
17200 1.10468
17300 1.01508
17400 1.12755
17500 1.27731
17600 1.28128
17700 1.28634
17800 1.27034
17900 1.31511
18000 1.29187
18100 1.27212
18200 1.28762
18300 1.46631
18400 1.44533
18500 1.33979
18600 1.29628
18700 1.27531
18800 1.22085
18900 1.32461
19000 1.51781
19100 1.48153
19200 1.26646
19300 1.18959
19400 1.21081
19500 1.29494
19600 1.35677
19700 1.35575
19800 1.36812
19900 1.30184
20000 1.21026
20100 1.18484
20200 1.18873
20300 1.10332
20400 1.01709
20500 1.03212
20600 1.11027
20700 1.22651
20800 1.39306
20900 1.40892
21000 1.31452
21100 1.21711
21200 1.32525
21300 1.42384
21400 1.36963
21500 1.20254
21600 1.07045
21700 1.00483
21800 1.06423
21900 1.24691
22000 1.43335
22100 1.50086
22200 1.44496
22300 1.35788
22400 1.30413
22500 1.26518
22600 1.23814
22700 1.39027
22800 1.59888
22900 1.74298
23000 1.63482
23100 1.52646
23200 1.51742
23300 1.45789
23400 1.34416
23500 1.35511
23600 1.33194
23700 1.28838
23800 1.22992
23900 1.19881
24000 1.27211
24100 1.27511
24200 1.22378
24300 1.26146
24400 1.28996
24500 1.38594
24600 1.36113
24700 1.25301
24800 1.29385
24900 1.26025
25000 1.1718
25100 1.12995
25200 1.06367
25300 1.06602
25400 1.15355
25500 1.18315
25600 1.18094
25700 1.26289
25800 1.38425
25900 1.43716
26000 1.47192
26100 1.54189
26200 1.60675
26300 1.66233
26400 1.57892
26500 1.527
26600 1.50403
26700 1.6215
26800 1.7756
26900 1.75151
27000 1.5831
27100 1.52075
27200 1.4853
27300 1.47088
27400 1.44814
27500 1.3272
27600 1.20159
27700 1.25889
27800 1.33269
27900 1.2231
28000 1.15898
28100 1.03264
28200 0.853786
28300 0.851601
28400 0.929772
28500 1.09908
28600 1.20648
28700 1.2118
28800 1.23634
28900 1.19086
29000 1.27314
29100 1.34188
29200 1.32422
29300 1.38196
29400 1.35671
29500 1.28972
29600 1.11769
29700 1.10228
29800 1.14311
29900 1.15879
30000 1.27911
30100 1.41958
30200 1.47249
30300 1.5764
30400 1.58546
30500 1.52386
30600 1.7348
30700 1.9172
30800 1.74807
30900 1.45962
31000 1.27573
31100 1.26933
31200 1.31848
31300 1.3381
31400 1.24226
31500 1.24164
31600 1.30616
31700 1.14812
31800 1.11134
31900 1.30207
32000 1.37991
32100 1.24981
32200 1.13739
32300 1.19203
32400 1.14377
32500 1.08775
32600 1.38034
32700 1.65121
32800 1.8184
32900 2.05618
33000 2.05637
33100 1.67436
33200 1.53988
33300 1.76212
33400 1.65887
33500 1.37866
33600 1.29337
33700 1.35418
33800 1.36373
33900 1.39623
34000 1.48494
34100 1.45396
34200 1.46678
34300 1.67193
34400 1.94677
34500 1.91402
34600 1.63585
34700 1.43241
34800 1.45925
34900 1.4852
35000 1.46883
35100 1.47115
35200 1.3846
35300 1.20115
35400 1.06876
35500 0.92657
35600 0.87617
35700 1.01364
35800 1.14758
35900 1.1777
36000 1.13602
36100 1.22955
36200 1.3852
36300 1.46307
36400 1.46297
36500 1.26632
36600 1.10921
36700 1.07929
36800 1.06356
36900 1.16033
37000 1.36091
37100 1.50488
37200 1.51233
37300 1.49208
37400 1.46755
37500 1.3761
37600 1.23646
37700 1.16073
37800 1.06073
37900 0.909087
38000 0.993917
38100 1.16114
38200 1.15566
38300 1.08705
38400 1.14433
38500 1.26344
38600 1.25912
38700 1.23878
38800 1.14769
38900 1.12313
39000 1.20797
39100 1.39246
39200 1.55926
39300 1.46606
39400 1.31412
39500 1.30805
39600 1.31761
39700 1.32572
39800 1.31601
39900 1.26575
40000 1.32567
40100 1.53302
40200 1.5107
40300 1.33163
40400 1.34602
40500 1.4343
40600 1.58767
40700 1.73293
40800 1.6351
40900 1.51289
41000 1.41147
41100 1.38736
41200 1.2644
41300 1.25594
41400 1.35797
41500 1.30558
41600 1.18672
41700 1.24102
41800 1.36764
41900 1.43148
42000 1.4915
42100 1.35581
42200 1.0777
42300 0.973471
42400 1.00792
42500 1.07202
42600 1.04592
42700 0.822718
42800 0.871006
42900 1.0235
43000 1.0723
43100 1.14873
43200 1.29242
43300 1.38554
43400 1.5154
43500 1.64664
43600 1.5694
43700 1.29588
43800 1.12935
43900 1.12048
44000 1.11604
44100 1.13034
44200 1.21933
44300 1.43595
44400 1.68404
44500 1.81271
44600 1.73319
44700 1.68094
44800 1.67076
44900 1.64182
45000 1.77734
45100 1.896
45200 1.95151
45300 2.01962
45400 2.00479
45500 1.82334
45600 1.49933
45700 1.42006
45800 1.43858
45900 1.32898
46000 1.25474
46100 1.22556
46200 1.13571
46300 1.1719
46400 1.32737
46500 1.31307
46600 1.25138
46700 1.38244
46800 1.53537
46900 1.84579
47000 2.05968
47100 2.01072
47200 1.87256
47300 1.87967
47400 1.91742
47500 1.87737
47600 1.49852
47700 1.32962
47800 1.57666
47900 1.57278
48000 1.40316
48100 1.20377
48200 1.16445
48300 1.30187
48400 1.26413
48500 0.980428
48600 0.645059
48700 0.611352
48800 0.796847
48900 1.02569
49000 1.11623
49100 1.04835
49200 1.02924
49300 1.02562
49400 1.012
49500 1.05353
49600 1.07043
49700 1.12959
49800 1.23147
49900 1.25441
50000 1.36451
50100 1.56118
50200 1.58346
50300 1.53401
50400 1.52163
50500 1.50998
50600 1.39948
50700 1.18637
50800 1.1588
50900 1.1378
51000 1.23457
51100 1.35633
51200 1.42992
51300 1.67558
51400 1.8467
51500 1.77861
51600 1.63196
51700 1.34076
51800 1.20612
51900 1.11631
52000 1.11908
52100 1.23534
52200 1.21021
52300 1.23264
52400 1.3143
52500 1.44297
52600 1.62178
52700 1.58991
52800 1.44968
52900 1.3212
53000 1.25614
53100 1.20757
53200 1.16768
53300 1.22352
53400 1.33591
53500 1.25619
53600 1.03106
53700 1.0344
53800 1.07966
53900 0.986547
54000 0.998311
54100 1.12039
54200 1.16727
54300 1.06056
54400 1.25659
54500 1.54693
54600 1.54056
54700 1.36317
54800 1.23099
54900 1.25423
55000 1.34421
55100 1.44041
55200 1.32196
55300 1.13195
55400 1.03041
55500 1.01221
55600 1.16939
55700 1.39281
55800 1.345
55900 1.15557
56000 1.02308
56100 0.931374
56200 0.94684
56300 1.02863
56400 1.03167
56500 1.10423
56600 1.18742
56700 1.14811
56800 1.15756
56900 1.2649
57000 1.2613
57100 1.28761
57200 1.40382
57300 1.46351
57400 1.42411
57500 1.52325
57600 1.56697
57700 1.40365
57800 1.33506
57900 1.18705
58000 1.1163
58100 1.20468
58200 1.256
58300 1.28516
58400 1.11974
58500 1.08708
58600 1.29611
58700 1.38424
58800 1.39781
58900 1.44313
59000 1.44025
59100 1.38831
59200 1.24399
59300 1.15467
59400 0.99585
59500 0.740882
59600 0.753954
59700 0.996077
59800 1.29235
59900 1.45657
60000 1.36951
60100 1.32387
60200 1.23382
60300 1.25621
60400 1.40192
60500 1.45842
60600 1.38631
60700 1.39539
60800 1.58593
60900 1.68498
61000 1.55853
61100 1.61635
61200 1.58803
61300 1.51348
61400 1.48965
61500 1.5081
61600 1.46693
61700 1.33125
61800 1.09005
61900 0.990128
62000 1.12969
62100 1.12718
62200 1.18242
62300 1.21144
62400 1.20936
62500 1.23759
62600 1.46837
62700 1.68625
62800 1.79739
62900 1.92028
63000 1.78366
63100 1.62871
63200 1.63293
63300 1.47935
63400 1.31865
63500 1.28335
63600 1.28449
63700 1.36758
63800 1.44953
63900 1.53973
64000 1.55733
64100 1.49226
64200 1.46342
64300 1.39171
64400 1.25243
64500 1.15921
64600 1.12197
64700 1.13181
64800 1.0853
64900 1.01339
65000 1.0365
65100 1.11153
65200 0.992992
65300 0.870157
65400 0.869654
65500 0.888162
65600 0.883405
65700 1.02468
65800 1.22146
65900 1.25165
66000 1.22262
66100 1.23754
66200 1.15904
66300 0.999624
66400 1.01096
66500 0.857079
66600 0.780447
66700 0.951327
66800 1.08026
66900 1.00418
67000 0.955593
67100 0.979934
67200 1.10104
67300 1.17333
67400 1.13342
67500 1.13541
67600 1.3198
67700 1.59504
67800 1.62453
67900 1.56244
68000 1.4738
68100 1.4433
68200 1.38874
68300 1.32018
68400 1.3224
68500 1.13022
68600 0.781658
68700 0.708591
68800 0.962491
68900 1.12
69000 1.20537
69100 1.21511
69200 1.26861
69300 1.31954
69400 1.36104
69500 1.29255
69600 1.30212
69700 1.47425
69800 1.63706
69900 1.59581
70000 1.49762
70100 1.48723
70200 1.40892
70300 1.2146
70400 1.14937
70500 1.33216
70600 1.43652
70700 1.29948
70800 1.25437
70900 1.36506
71000 1.24561
71100 1.1488
71200 1.29509
71300 1.3181
71400 1.29711
71500 1.27615
71600 1.33737
71700 1.23251
71800 1.12032
71900 1.25495
72000 1.47842
72100 1.67771
72200 1.73943
72300 1.51242
72400 1.41483
72500 1.57503
72600 1.73555
72700 1.73378
72800 1.71343
72900 1.67801
73000 1.58577
73100 1.56819
73200 1.82661
73300 1.91589
73400 1.93696
73500 1.89949
73600 1.86121
73700 1.8082
73800 1.66437
73900 1.4165
74000 1.26035
74100 1.15294
74200 1.21799
74300 1.22414
74400 1.15191
74500 1.02517
74600 1.0917
74700 1.37561
74800 1.5541
74900 1.43542
75000 1.48022
75100 1.51354
75200 1.44275
75300 1.43065
75400 1.50994
75500 1.61917
75600 1.73313
75700 1.75612
75800 1.71563
75900 1.66845
76000 1.65621
76100 1.63427
76200 1.54178
76300 1.38569
76400 1.28869
76500 1.22648
76600 1.15361
76700 1.19277
76800 1.16557
76900 0.94939
77000 0.900016
77100 1.04542
77200 1.23005
77300 1.29252
77400 1.18333
77500 1.38576
77600 1.45217
77700 1.37964
77800 1.42872
77900 1.54738
78000 1.4102
78100 1.20676
78200 1.08312
78300 0.916046
78400 0.807074
78500 0.780023
78600 0.735962
78700 0.754623
78800 0.921193
78900 1.05436
79000 1.1717
79100 1.30546
79200 1.18978
79300 1.14968
79400 1.21737
79500 1.17609
79600 1.1667
79700 1.28919
79800 1.24951
79900 1.08314
80000 1.11002
80100 1.22265
80200 1.26319
80300 1.12695
80400 1.14982
80500 1.40264
80600 1.37861
80700 1.29054
80800 1.12182
80900 0.964828
81000 0.957236
81100 1.03055
81200 1.02815
81300 0.932851
81400 0.902195
81500 0.963334
81600 1.14013
81700 1.3813
81800 1.55961
81900 1.62398
82000 1.58616
82100 1.32279
82200 1.06676
82300 1.02331
82400 1.17343
82500 1.30593
82600 1.27626
82700 1.19253
82800 1.24627
82900 1.4939
83000 1.70855
83100 1.72444
83200 1.62174
83300 1.56133
83400 1.598
83500 1.56096
83600 1.54979
83700 1.51114
83800 1.3257
83900 1.18913
84000 1.14914
84100 1.07073
84200 1.15481
84300 1.33308
84400 1.36641
84500 1.24499
84600 1.17913
84700 1.1927
84800 1.22513
84900 1.2606
85000 1.11642
85100 0.928308
85200 0.707075
85300 0.620709
85400 0.832801
85500 1.09878
85600 1.24734
85700 1.28528
85800 1.13392
85900 1.06629
86000 1.06125
86100 1.02233
86200 1.08037
86300 1.10524
86400 1.16523
86500 1.27376
86600 1.35723
86700 1.44359
86800 1.46502
86900 1.44516
87000 1.20188
87100 0.971016
87200 1.00232
87300 1.04751
87400 0.827564
87500 0.730379
87600 1.0878
87700 1.25056
87800 1.10324
87900 0.97891
88000 1.00556
88100 1.16513
88200 1.32445
88300 1.23636
88400 1.24841
88500 1.22065
88600 1.11959
88700 1.23241
88800 1.50518
88900 1.56586
89000 1.48407
89100 1.28834
89200 1.18682
89300 1.34693
89400 1.41236
89500 1.39347
89600 1.29407
89700 1.23873
89800 1.29218
89900 1.28183
90000 1.2259
90100 1.17199
90200 1.24406
90300 1.35381
90400 1.41567
90500 1.46147
90600 1.444
90700 1.3569
90800 1.3038
90900 1.22522
91000 1.1175
91100 1.00537
91200 1.01853
91300 1.10865
91400 1.05482
91500 0.892622
91600 0.904992
91700 1.01129
91800 0.977495
91900 0.99942
92000 1.11678
92100 1.38189
92200 1.42905
92300 1.36288
92400 1.31111
92500 1.34878
92600 1.38183
92700 1.29311
92800 1.28314
92900 1.26704
93000 1.1293
93100 0.94144
93200 0.976319
93300 1.03083
93400 1.05973
93500 1.10835
93600 1.07381
93700 1.10299
93800 1.12684
93900 1.1349
94000 1.29823
94100 1.38644
94200 1.36232
94300 1.29648
94400 1.28044
94500 1.39607
94600 1.50156
94700 1.51463
94800 1.59517
94900 1.69712
95000 1.62774
95100 1.54898
95200 1.5338
95300 1.48805
95400 1.33061
95500 1.19907
95600 1.21664
95700 1.2351
95800 1.25754
95900 1.32682
96000 1.41526
96100 1.59723
96200 1.65745
96300 1.56693
96400 1.45515
96500 1.33752
96600 1.1845
96700 1.11349
96800 1.2533
96900 1.31691
97000 1.1931
97100 1.17696
97200 1.36868
97300 1.50955
97400 1.38687
97500 1.15121
97600 1.09083
97700 0.819725
97800 0.589811
97900 0.743301
98000 1.01679
98100 1.06926
98200 1.14558
98300 1.17813
98400 1.31118
98500 1.50953
98600 1.525
98700 1.53017
98800 1.43148
98900 1.29124
99000 1.1991
99100 1.09979
99200 1.131
99300 1.05969
99400 1.02307
99500 1.03769
99600 0.966356
99700 0.944126
99800 0.957323
99900 1.19937
100000 1.36543
