# Time-averaged data for fix dump_temperature
# TimeStep c_calc_temperature
0 0.279982
100 0.275703
200 0.25307
300 0.23628
400 0.231459
500 0.233557
600 0.238348
700 0.24787
800 0.264299
900 0.291992
1000 0.320687
1100 0.344246
1200 0.361648
1300 0.379681
1400 0.392156
1500 0.406796
1600 0.430746
1700 0.442569
1800 0.451558
1900 0.447446
2000 0.44366
2100 0.456062
2200 0.469486
2300 0.476459
2400 0.47813
2500 0.487487
2600 0.494572
2700 0.492817
2800 0.497706
2900 0.507339
3000 0.5088
3100 0.513405
3200 0.514029
3300 0.519608
3400 0.515838
3500 0.528591
3600 0.54536
3700 0.554928
3800 0.556295
3900 0.549947
4000 0.548929
4100 0.551675
4200 0.554703
4300 0.554181
4400 0.554894
4500 0.562619
4600 0.568276
4700 0.57115
4800 0.569116
4900 0.567781
5000 0.562951
5100 0.567028
5200 0.573534
5300 0.573531
5400 0.574272
5500 0.576959
5600 0.578494
5700 0.57847
5800 0.575057
5900 0.577436
6000 0.581527
6100 0.579965
6200 0.578897
6300 0.578277
6400 0.581654
6500 0.589819
6600 0.59413
6700 0.594848
6800 0.592005
6900 0.600667
7000 0.610098
7100 0.6061
7200 0.601924
7300 0.599756
7400 0.592237
7500 0.593023
7600 0.605236
7700 0.610545
7800 0.60824
7900 0.613385
8000 0.614804
8100 0.614205
8200 0.613607
8300 0.618915
8400 0.621437
8500 0.625994
8600 0.634968
8700 0.628071
8800 0.617434
8900 0.62583
9000 0.629667
9100 0.621631
9200 0.627567
9300 0.632523
9400 0.624706
9500 0.624517
9600 0.625993
9700 0.621572
9800 0.615093
9900 0.616654
10000 0.618705
10100 0.620711
10200 0.621544
10300 0.625943
10400 0.626806
10500 0.622966
10600 0.625397
10700 0.630523
10800 0.625617
10900 0.622722
11000 0.632611
11100 0.63767
11200 0.630353
11300 0.622917
11400 0.633086
11500 0.638992
11600 0.636773
11700 0.633843
11800 0.635447
11900 0.638747
12000 0.641385
12100 0.637568
12200 0.636481
12300 0.643674
12400 0.647172
12500 0.644024
12600 0.637462
12700 0.636516
12800 0.641212
12900 0.641733
13000 0.637477
13100 0.639972
13200 0.645857
13300 0.64261
13400 0.638127
13500 0.645749
13600 0.647285
13700 0.64182
13800 0.640339
13900 0.643403
14000 0.640973
14100 0.637382
14200 0.628072
14300 0.620453
14400 0.632988
14500 0.650968
14600 0.658789
14700 0.654637
14800 0.657643
14900 0.660093
15000 0.651063
15100 0.638639
15200 0.641382
15300 0.654798
15400 0.664957
15500 0.662092
15600 0.653674
15700 0.655204
15800 0.66248
15900 0.661551
16000 0.655122
16100 0.651093
16200 0.650574
16300 0.645072
16400 0.644584
16500 0.642292
16600 0.637271
16700 0.633103
16800 0.636931
16900 0.630431
17000 0.623403
17100 0.621798
17200 0.635478
17300 0.646637
17400 0.647349
17500 0.645255
17600 0.651687
17700 0.655812
17800 0.660097
17900 0.659471
18000 0.661044
18100 0.662203
18200 0.660068
18300 0.647145
18400 0.64558
18500 0.648313
18600 0.647564
18700 0.649046
18800 0.653244
18900 0.648952
19000 0.639272
19100 0.642303
19200 0.655801
19300 0.659333
19400 0.659817
19500 0.657948
19600 0.660118
19700 0.66515
19800 0.667957
19900 0.675058
20000 0.680242
20100 0.681742
20200 0.679924
20300 0.682458
20400 0.685025
20500 0.684094
20600 0.681524
20700 0.679372
20800 0.672275
20900 0.6692
21000 0.670046
21100 0.669755
21200 0.659871
21300 0.652565
21400 0.655346
21500 0.663717
21600 0.669644
21700 0.677191
21800 0.680701
21900 0.6784
22000 0.674409
22100 0.673447
22200 0.675329
22300 0.675991
22400 0.673838
22500 0.673491
22600 0.676211
22700 0.671375
22800 0.665615
22900 0.66031
23000 0.66859
23100 0.673092
23200 0.670078
23300 0.668509
23400 0.669042
23500 0.662225
23600 0.65752
23700 0.653545
23800 0.654106
23900 0.655385
24000 0.651102
24100 0.652603
24200 0.657001
24300 0.655992
24400 0.65605
24500 0.650466
24600 0.652912
24700 0.659708
24800 0.655097
24900 0.655669
25000 0.660418
25100 0.661179
25200 0.664951
25300 0.665985
25400 0.664073
25500 0.667399
25600 0.672434
25700 0.673503
25800 0.672944
25900 0.677423
26000 0.681592
26100 0.680605
26200 0.680143
26300 0.676908
26400 0.678707
26500 0.676631
26600 0.673868
26700 0.664021
26800 0.651503
26900 0.649171
27000 0.655783
27100 0.656521
27200 0.65771
27300 0.659949
27400 0.661059
27500 0.667678
27600 0.672252
27700 0.664129
27800 0.655716
27900 0.659425
28000 0.661048
28100 0.66493
28200 0.675084
28300 0.675505
28400 0.676449
28500 0.674236
28600 0.676747
28700 0.684221
28800 0.685124
28900 0.688045
29000 0.680211
29100 0.67168
29200 0.667989
29300 0.657941
29400 0.654519
29500 0.65272
29600 0.660265
29700 0.660049
29800 0.658564
29900 0.664551
30000 0.663917
30100 0.662781
30200 0.667097
30300 0.665158
30400 0.666537
30500 0.671082
30600 0.655955
30700 0.64019
30800 0.643835
30900 0.655048
31000 0.663127
31100 0.661926
31200 0.657882
31300 0.653789
31400 0.654026
31500 0.647585
31600 0.637715
31700 0.645974
31800 0.649924
31900 0.64173
32000 0.637935
32100 0.645651
32200 0.652868
32300 0.650364
32400 0.657117
32500 0.667387
32600 0.659934
32700 0.656833
32800 0.659876
32900 0.652866
33000 0.652042
33100 0.671791
33200 0.676331
33300 0.656995
33400 0.657018
33500 0.666147
33600 0.665349
33700 0.660187
33800 0.6623
33900 0.663678
34000 0.661578
34100 0.665054
34200 0.668054
34300 0.659845
34400 0.647883
34500 0.652552
34600 0.667885
34700 0.675999
34800 0.669778
34900 0.664816
35000 0.662716
35100 0.658786
35200 0.656837
35300 0.66053
35400 0.660682
35500 0.663002
35600 0.663754
35700 0.657868
35800 0.654861
35900 0.659233
36000 0.668285
36100 0.671145
36200 0.669193
36300 0.672045
36400 0.673976
36500 0.684136
36600 0.690268
36700 0.688853
36800 0.689663
36900 0.684284
37000 0.670619
37100 0.661817
37200 0.660216
37300 0.65921
37400 0.657744
37500 0.658827
37600 0.663967
37700 0.664963
37800 0.668387
37900 0.677618
38000 0.671621
38100 0.66164
38200 0.663867
38300 0.672218
38400 0.67512
38500 0.676371
38600 0.684641
38700 0.690875
38800 0.700924
38900 0.705816
39000 0.70426
39100 0.697386
39200 0.68834
39300 0.691534
39400 0.696748
39500 0.690063
39600 0.684006
39700 0.676921
39800 0.672581
39900 0.674373
40000 0.671467
40100 0.660237
40200 0.662687
40300 0.67493
40400 0.67518
40500 0.673858
40600 0.6701
40700 0.6665
40800 0.675048
40900 0.679772
41000 0.67884
41100 0.671604
41200 0.673876
41300 0.672976
41400 0.670186
41500 0.679154
41600 0.692335
41700 0.69476
41800 0.691597
41900 0.689646
42000 0.681457
42100 0.681113
42200 0.68686
42300 0.681263
42400 0.671196
42500 0.664601
42600 0.666678
42700 0.686014
42800 0.690158
42900 0.688834
43000 0.691418
43100 0.689005
43200 0.681696
43300 0.678125
43400 0.674109
43500 0.666995
43600 0.670944
43700 0.685249
43800 0.691886
43900 0.688961
44000 0.687487
44100 0.68387
44200 0.676152
44300 0.663074
44400 0.651652
44500 0.649951
44600 0.661704
44700 0.670944
44800 0.67868
44900 0.68952
45000 0.690365
45100 0.691899
45200 0.695543
45300 0.691602
45400 0.687451
45500 0.688484
45600 0.695424
45700 0.685599
45800 0.671248
45900 0.6669
46000 0.663183
46100 0.659835
46200 0.664833
46300 0.665161
46400 0.657739
46500 0.661517
46600 0.669363
46700 0.666205
46800 0.66512
46900 0.655746
47000 0.651247
47100 0.66085
47200 0.673265
47300 0.674677
47400 0.672438
47500 0.670532
47600 0.686986
47700 0.690805
47800 0.668638
47900 0.663927
48000 0.667264
48100 0.674223
48200 0.671078
48300 0.655986
48400 0.649954
48500 0.65714
48600 0.670622
48700 0.670093
48800 0.662131
48900 0.654138
49000 0.653111
49100 0.660003
49200 0.662404
49300 0.664271
49400 0.667439
49500 0.666266
49600 0.66983
49700 0.673104
49800 0.676943
49900 0.687084
50000 0.691743
50100 0.685178
50200 0.68399
50300 0.684572
50400 0.678507
50500 0.672835
50600 0.67172
50700 0.676565
50800 0.671426
50900 0.668681
51000 0.659327
51100 0.65093
51200 0.652106
51300 0.646403
51400 0.648694
51500 0.663228
51600 0.677951
51700 0.697603
51800 0.702972
51900 0.704398
52000 0.698654
52100 0.684163
52200 0.680801
52300 0.679632
52400 0.679147
52500 0.679008
52600 0.674747
52700 0.679512
52800 0.688682
52900 0.695218
53000 0.698748
53100 0.700549
53200 0.700145
53300 0.694196
53400 0.681548
53500 0.676828
53600 0.681202
53700 0.670715
53800 0.661426
53900 0.664256
54000 0.664695
54100 0.661694
54200 0.666498
54300 0.683894
54400 0.682942
54500 0.672896
54600 0.675783
54700 0.684413
54800 0.688207
54900 0.682037
55000 0.674154
55100 0.66502
55200 0.670863
55300 0.680095
55400 0.683738
55500 0.683189
55600 0.672474
55700 0.656815
55800 0.658078
55900 0.666672
56000 0.672269
56100 0.676789
56200 0.677245
56300 0.674981
56400 0.677803
56500 0.675709
56600 0.671381
56700 0.675529
56800 0.676123
56900 0.669409
57000 0.670734
57100 0.671577
57200 0.668593
57300 0.669272
57400 0.675586
57500 0.668078
57600 0.661391
57700 0.663552
57800 0.658205
57900 0.661812
58000 0.666082
58100 0.661948
58200 0.661489
58300 0.660364
58400 0.67246
58500 0.67834
58600 0.671108
58700 0.672265
58800 0.675886
58900 0.67162
59000 0.665748
59100 0.661708
59200 0.661919
59300 0.659025
59400 0.662187
59500 0.674389
59600 0.674205
59700 0.665559
59800 0.65655
59900 0.655166
60000 0.665664
60100 0.670733
60200 0.677774
60300 0.680976
60400 0.673847
60500 0.672922
60600 0.677209
60700 0.677474
60800 0.668502
60900 0.665822
61000 0.677964
61100 0.677305
61200 0.682123
61300 0.688472
61400 0.688343
61500 0.683674
61600 0.678166
61700 0.67617
61800 0.68054
61900 0.678279
62000 0.665465
62100 0.667057
62200 0.665205
62300 0.66552
62400 0.66945
62500 0.673935
62600 0.669052
62700 0.667163
62800 0.670389
62900 0.667069
63000 0.676267
63100 0.68251
63200 0.675502
63300 0.677673
63400 0.677538
63500 0.671826
63600 0.66701
63700 0.663056
63800 0.662541
63900 0.661118
64000 0.662182
64100 0.667476
64200 0.667622
64300 0.668951
64400 0.672277
64500 0.671464
64600 0.665344
64700 0.658781
64800 0.658414
64900 0.66164
65000 0.65884
65100 0.653695
65200 0.659052
65300 0.666142
65400 0.667418
65500 0.669987
65600 0.679216
65700 0.680472
65800 0.677222
65900 0.679787
66000 0.680288
66100 0.673533
66200 0.670825
66300 0.672996
66400 0.664826
66500 0.669288
66600 0.673202
66700 0.664655
66800 0.660485
66900 0.670076
67000 0.676683
67100 0.67932
67200 0.678448
67300 0.680527
67400 0.691832
67500 0.699669
67600 0.695769
67700 0.683413
67800 0.685548
67900 0.690697
68000 0.693452
68100 0.68918
68200 0.684861
68300 0.682718
68400 0.67262
68500 0.673457
68600 0.683983
68700 0.681165
68800 0.663374
68900 0.656456
69000 0.655469
69100 0.659791
69200 0.662352
69300 0.664441
69400 0.665507
69500 0.670814
69600 0.670638
69700 0.659017
69800 0.646824
69900 0.645542
70000 0.647495
70100 0.645483
70200 0.648177
70300 0.660058
70400 0.6657
70500 0.657353
70600 0.651877
70700 0.659224
70800 0.658238
70900 0.646707
71000 0.650015
71100 0.65365
71200 0.643278
71300 0.644278
71400 0.64722
71500 0.651771
71600 0.651176
71700 0.661214
71800 0.672844
71900 0.67095
72000 0.66615
72100 0.661799
72200 0.660501
72300 0.676406
72400 0.68382
72500 0.675139
72600 0.667856
72700 0.671222
72800 0.674233
72900 0.676852
73000 0.683421
73100 0.684212
73200 0.670028
73300 0.667311
73400 0.668819
73500 0.67134
73600 0.66945
73700 0.665162
73800 0.666521
73900 0.674131
74000 0.678282
74100 0.68246
74200 0.676419
74300 0.673608
74400 0.672992
74500 0.675478
74600 0.667057
74700 0.647395
74800 0.636857
74900 0.645304
75000 0.644465
75100 0.644334
75200 0.652657
75300 0.658603
75400 0.658723
75500 0.656773
75600 0.653783
75700 0.654363
75800 0.658124
75900 0.660268
76000 0.659767
76100 0.658647
76200 0.662329
76300 0.670449
76400 0.673552
76500 0.673307
76600 0.673472
76700 0.66538
76800 0.660828
76900 0.670867
77000 0.672399
77100 0.668072
77200 0.663683
77300 0.666779
77400 0.681649
77500 0.675121
77600 0.677268
77700 0.687428
77800 0.687351
77900 0.678677
78000 0.681147
78100 0.682492
78200 0.676126
78300 0.673403
78400 0.669151
78500 0.664633
78600 0.666233
78700 0.67072
78800 0.668772
78900 0.671079
79000 0.671719
79100 0.66907
79200 0.680613
79300 0.685786
79400 0.681925
79500 0.684144
79600 0.682121
79700 0.671488
79800 0.671437
79900 0.680824
80000 0.677037
80100 0.667745
80200 0.660122
80300 0.665169
80400 0.663888
80500 0.649329
80600 0.651691
80700 0.653971
80800 0.66007
80900 0.666536
81000 0.666651
81100 0.663847
81200 0.668977
81300 0.679571
81400 0.685929
81500 0.688739
81600 0.686704
81700 0.681779
81800 0.67801
81900 0.677993
82000 0.677056
82100 0.683843
82200 0.691194
82300 0.6897
82400 0.68271
82500 0.679851
82600 0.686227
82700 0.695069
82800 0.695782
82900 0.685357
83000 0.677191
83100 0.676085
83200 0.678534
83300 0.676221
83400 0.671478
83500 0.673456
83600 0.675021
83700 0.676765
83800 0.687491
83900 0.693449
84000 0.691767
84100 0.693666
84200 0.685386
84300 0.670308
84400 0.664465
84500 0.666228
84600 0.663818
84700 0.658642
84800 0.654635
84900 0.65037
85000 0.65784
85100 0.665665
85200 0.678947
85300 0.688591
85400 0.683658
85500 0.677677
85600 0.677263
85700 0.67882
85800 0.689453
85900 0.693312
86000 0.69267
86100 0.697134
86200 0.694648
86300 0.6941
86400 0.691924
86500 0.685796
86600 0.680794
86700 0.675031
86800 0.672694
86900 0.670044
87000 0.679093
87100 0.687844
87200 0.680826
87300 0.674479
87400 0.687734
87500 0.696226
87600 0.676697
87700 0.670188
87800 0.680495
87900 0.687618
88000 0.687103
88100 0.677662
88200 0.669688
88300 0.67695
88400 0.675557
88500 0.676127
88600 0.68275
88700 0.679537
88800 0.668527
88900 0.670123
89000 0.675122
89100 0.684126
89200 0.691644
89300 0.683704
89400 0.683388
89500 0.68468
89600 0.687577
89700 0.686379
89800 0.677017
89900 0.672147
90000 0.670332
90100 0.67136
90200 0.668449
90300 0.666896
90400 0.669354
90500 0.672121
90600 0.675405
90700 0.680657
90800 0.681559
90900 0.684518
91000 0.687776
91100 0.688788
91200 0.680409
91300 0.666074
91400 0.661625
91500 0.666539
91600 0.66323
91700 0.65835
91800 0.663474
91900 0.667105
92000 0.66586
92100 0.655542
92200 0.659783
92300 0.667245
92400 0.670265
92500 0.666831
92600 0.663639
92700 0.672308
92800 0.674554
92900 0.675049
93000 0.682463
93100 0.694344
93200 0.690176
93300 0.687108
93400 0.683573
93500 0.678132
93600 0.678509
93700 0.675923
93800 0.675856
93900 0.678591
94000 0.671659
94100 0.672504
94200 0.680673
94300 0.690568
94400 0.697204
94500 0.696081
94600 0.694285
94700 0.696447
94800 0.689438
94900 0.677422
95000 0.672987
95100 0.669491
95200 0.662716
95300 0.659317
95400 0.665024
95500 0.672863
95600 0.673172
95700 0.67814
95800 0.683147
95900 0.682305
96000 0.679239
96100 0.666553
96200 0.660596
96300 0.661464
96400 0.662849
96500 0.665237
96600 0.671352
96700 0.674226
96800 0.666288
96900 0.665647
97000 0.677392
97100 0.682652
97200 0.672452
97300 0.663578
97400 0.666085
97500 0.672488
97600 0.663762
97700 0.670773
97800 0.679739
97900 0.669903
98000 0.657314
98100 0.660692
98200 0.660226
98300 0.662955
98400 0.659794
98500 0.65193
98600 0.658007
98700 0.662321
98800 0.671969
98900 0.68149
99000 0.687835
99100 0.693156
99200 0.688386
99300 0.688064
99400 0.685067
99500 0.677216
99600 0.676837
99700 0.676744
99800 0.679427
99900 0.670725
100000 0.666331
